FID,Id,gridcode,Persistence,Variable,Area
0,1,51,5,Variable 1,25.000000000000000
1,2,151,15,Variable 1,25.000000000000000
2,3,202,20,Variable 2,25.000000000000000
3,4,202,20,Variable 2,25.000000000000000
4,5,302,30,Variable 2,25.000000000000000
5,6,51,5,Variable 1,50.000000000000000
6,7,101,10,Variable 1,175.000000000000000
7,8,302,30,Variable 2,25.000000000000000
8,9,101,10,Variable 1,25.000000000000000
9,10,202,20,Variable 2,25.000000000000000
10,11,51,5,Variable 1,25.000000000000000
11,12,152,15,Variable 2,50.000000000000000
12,13,151,15,Variable 1,125.000000000000000
13,14,302,30,Variable 2,25.000000000000000
14,15,402,40,Variable 2,75.000000000000000
15,16,201,20,Variable 1,25.000000000000000
16,17,101,10,Variable 1,100.000000000000000
17,18,51,5,Variable 1,25.000000000000000
18,19,151,15,Variable 1,175.000000000000000
19,20,402,40,Variable 2,25.000000000000000
20,21,104,10,Variable 4,50.000000000000000
21,22,101,10,Variable 1,25.000000000000000
22,23,202,20,Variable 2,150.000000000000000
23,24,152,15,Variable 2,25.000000000000000
24,25,302,30,Variable 2,75.000000000000000
25,26,51,5,Variable 1,100.000000000000000
26,27,51,5,Variable 1,25.000000000000000
27,28,302,30,Variable 2,50.000000000000000
28,29,51,5,Variable 1,25.000000000000000
29,30,302,30,Variable 2,25.000000000000000
30,31,502,50,Variable 2,25.000000000000000
31,32,51,5,Variable 1,25.000000000000000
32,33,101,10,Variable 1,125.000000000000000
33,34,151,15,Variable 1,25.000000000000000
34,35,151,15,Variable 1,25.000000000000000
35,36,202,20,Variable 2,25.000000000000000
36,37,152,15,Variable 2,50.000000000000000
37,38,302,30,Variable 2,50.000000000000000
38,39,502,50,Variable 2,50.000000000000000
39,40,51,5,Variable 1,75.000000000000000
40,41,151,15,Variable 1,25.000000000000000
41,42,202,20,Variable 2,25.000000000000000
42,43,502,50,Variable 2,25.000000000000000
43,44,151,15,Variable 1,25.000000000000000
44,45,302,30,Variable 2,25.000000000000000
45,46,152,15,Variable 2,25.000000000000000
46,47,51,5,Variable 1,25.000000000000000
47,48,151,15,Variable 1,25.000000000000000
48,49,402,40,Variable 2,875.000000000000000
49,50,101,10,Variable 1,300.000000000000000
50,51,201,20,Variable 1,25.000000000000000
51,52,202,20,Variable 2,25.000000000000000
52,53,502,50,Variable 2,25.000000000000000
53,54,51,5,Variable 1,200.000000000000000
54,55,152,15,Variable 2,50.000000000000000
55,56,402,40,Variable 2,50.000000000000000
56,57,502,50,Variable 2,50.000000000000000
57,58,101,10,Variable 1,375.000000000000000
58,59,151,15,Variable 1,50.000000000000000
59,60,302,30,Variable 2,25.000000000000000
60,61,402,40,Variable 2,50.000000000000000
61,62,502,50,Variable 2,25.000000000000000
62,63,152,15,Variable 2,75.000000000000000
63,64,51,5,Variable 1,175.000000000000000
64,65,202,20,Variable 2,225.000000000000000
65,66,502,50,Variable 2,75.000000000000000
66,67,502,50,Variable 2,50.000000000000000
67,68,151,15,Variable 1,175.000000000000000
68,69,402,40,Variable 2,225.000000000000000
69,70,502,50,Variable 2,25.000000000000000
70,71,502,50,Variable 2,25.000000000000000
71,72,51,5,Variable 1,25.000000000000000
72,73,101,10,Variable 1,175.000000000000000
73,74,151,15,Variable 1,25.000000000000000
74,75,302,30,Variable 2,100.000000000000000
75,76,302,30,Variable 2,25.000000000000000
76,77,402,40,Variable 2,275.000000000000000
77,78,402,40,Variable 2,150.000000000000000
78,79,101,10,Variable 1,25.000000000000000
79,80,202,20,Variable 2,25.000000000000000
80,81,302,30,Variable 2,25.000000000000000
81,82,202,20,Variable 2,25.000000000000000
82,83,502,50,Variable 2,25.000000000000000
83,84,151,15,Variable 1,25.000000000000000
84,85,152,15,Variable 2,25.000000000000000
85,86,202,20,Variable 2,25.000000000000000
86,87,51,5,Variable 1,25.000000000000000
87,88,151,15,Variable 1,50.000000000000000
88,89,202,20,Variable 2,25.000000000000000
89,90,101,10,Variable 1,150.000000000000000
90,91,202,20,Variable 2,25.000000000000000
91,92,502,50,Variable 2,25.000000000000000
92,93,101,10,Variable 1,25.000000000000000
93,94,151,15,Variable 1,25.000000000000000
94,95,152,15,Variable 2,25.000000000000000
95,96,502,50,Variable 2,50.000000000000000
96,97,302,30,Variable 2,1425.000000000000000
97,98,202,20,Variable 2,100.000000000000000
98,99,101,10,Variable 1,175.000000000000000
99,100,151,15,Variable 1,25.000000000000000
100,101,302,30,Variable 2,25.000000000000000
101,102,402,40,Variable 2,425.000000000000000
102,103,502,50,Variable 2,50.000000000000000
103,104,101,10,Variable 1,50.000000000000000
104,105,151,15,Variable 1,75.000000000000000
105,106,152,15,Variable 2,25.000000000000000
106,107,202,20,Variable 2,100.000000000000000
107,108,101,10,Variable 1,25.000000000000000
108,109,151,15,Variable 1,100.000000000000000
109,110,502,50,Variable 2,325.000000000000000
110,111,101,10,Variable 1,50.000000000000000
111,112,402,40,Variable 2,250.000000000000000
112,113,302,30,Variable 2,25.000000000000000
113,114,402,40,Variable 2,25.000000000000000
114,115,51,5,Variable 1,1350.000000000000000
115,116,152,15,Variable 2,25.000000000000000
116,117,302,30,Variable 2,25.000000000000000
117,118,202,20,Variable 2,50.000000000000000
118,119,502,50,Variable 2,25.000000000000000
119,120,51,5,Variable 1,25.000000000000000
120,121,402,40,Variable 2,25.000000000000000
121,122,302,30,Variable 2,50.000000000000000
122,123,51,5,Variable 1,50.000000000000000
123,124,402,40,Variable 2,25.000000000000000
124,125,101,10,Variable 1,200.000000000000000
125,126,302,30,Variable 2,175.000000000000000
126,127,502,50,Variable 2,25.000000000000000
127,128,202,20,Variable 2,25.000000000000000
128,129,302,30,Variable 2,25.000000000000000
129,130,502,50,Variable 2,50.000000000000000
130,131,101,10,Variable 1,150.000000000000000
131,132,202,20,Variable 2,75.000000000000000
132,133,402,40,Variable 2,100.000000000000000
133,134,201,20,Variable 1,25.000000000000000
134,135,502,50,Variable 2,25.000000000000000
135,136,151,15,Variable 1,25.000000000000000
136,137,302,30,Variable 2,100.000000000000000
137,138,402,40,Variable 2,25.000000000000000
138,139,202,20,Variable 2,25.000000000000000
139,140,502,50,Variable 2,25.000000000000000
140,141,302,30,Variable 2,50.000000000000000
141,142,151,15,Variable 1,75.000000000000000
142,143,53,5,Variable 3,25.000000000000000
143,144,402,40,Variable 2,100.000000000000000
144,145,101,10,Variable 1,350.000000000000000
145,146,502,50,Variable 2,100.000000000000000
146,147,53,5,Variable 3,25.000000000000000
147,148,201,20,Variable 1,125.000000000000000
148,149,153,15,Variable 3,25.000000000000000
149,150,202,20,Variable 2,50.000000000000000
150,151,51,5,Variable 1,925.000000000000000
151,152,202,20,Variable 2,25.000000000000000
152,153,402,40,Variable 2,125.000000000000000
153,154,51,5,Variable 1,50.000000000000000
154,155,151,15,Variable 1,25.000000000000000
155,156,103,10,Variable 3,650.000000000000000
156,157,153,15,Variable 3,25.000000000000000
157,158,202,20,Variable 2,25.000000000000000
158,159,201,20,Variable 1,25.000000000000000
159,160,202,20,Variable 2,25.000000000000000
160,161,151,15,Variable 1,100.000000000000000
161,162,153,15,Variable 3,100.000000000000000
162,163,202,20,Variable 2,25.000000000000000
163,164,402,40,Variable 2,75.000000000000000
164,165,502,50,Variable 2,150.000000000000000
165,166,153,15,Variable 3,25.000000000000000
166,167,201,20,Variable 1,25.000000000000000
167,168,51,5,Variable 1,275.000000000000000
168,169,201,20,Variable 1,175.000000000000000
169,170,151,15,Variable 1,300.000000000000000
170,171,202,20,Variable 2,25.000000000000000
171,172,502,50,Variable 2,300.000000000000000
172,173,151,15,Variable 1,275.000000000000000
173,174,201,20,Variable 1,325.000000000000000
174,175,502,50,Variable 2,25.000000000000000
175,176,502,50,Variable 2,100.000000000000000
176,177,402,40,Variable 2,950.000000000000000
177,178,151,15,Variable 1,100.000000000000000
178,179,502,50,Variable 2,275.000000000000000
179,180,51,5,Variable 1,625.000000000000000
180,181,201,20,Variable 1,250.000000000000000
181,182,151,15,Variable 1,150.000000000000000
182,183,202,20,Variable 2,25.000000000000000
183,184,151,15,Variable 1,50.000000000000000
184,185,201,20,Variable 1,100.000000000000000
185,186,502,50,Variable 2,250.000000000000000
186,187,51,5,Variable 1,325.000000000000000
187,188,151,15,Variable 1,100.000000000000000
188,189,201,20,Variable 1,100.000000000000000
189,190,502,50,Variable 2,100.000000000000000
190,191,51,5,Variable 1,25.000000000000000
191,192,151,15,Variable 1,50.000000000000000
192,193,201,20,Variable 1,50.000000000000000
193,194,502,50,Variable 2,50.000000000000000
194,195,502,50,Variable 2,25.000000000000000
195,196,51,5,Variable 1,100.000000000000000
196,197,151,15,Variable 1,75.000000000000000
197,198,201,20,Variable 1,100.000000000000000
198,199,502,50,Variable 2,50.000000000000000
199,200,51,5,Variable 1,50.000000000000000
200,201,151,15,Variable 1,50.000000000000000
201,202,201,20,Variable 1,25.000000000000000
202,203,302,30,Variable 2,2675.000000000000000
203,204,502,50,Variable 2,25.000000000000000
204,205,201,20,Variable 1,25.000000000000000
205,206,153,15,Variable 3,25.000000000000000
206,207,151,15,Variable 1,75.000000000000000
207,208,201,20,Variable 1,25.000000000000000
208,209,153,15,Variable 3,25.000000000000000
209,210,302,30,Variable 2,75.000000000000000
210,211,51,5,Variable 1,175.000000000000000
211,212,151,15,Variable 1,50.000000000000000
212,213,201,20,Variable 1,25.000000000000000
213,214,153,15,Variable 3,25.000000000000000
214,215,151,15,Variable 1,75.000000000000000
215,216,201,20,Variable 1,75.000000000000000
216,217,302,30,Variable 2,150.000000000000000
217,218,502,50,Variable 2,300.000000000000000
218,219,201,20,Variable 1,25.000000000000000
219,220,153,15,Variable 3,25.000000000000000
220,221,302,30,Variable 2,25.000000000000000
221,222,502,50,Variable 2,50.000000000000000
222,223,201,20,Variable 1,25.000000000000000
223,224,153,15,Variable 3,25.000000000000000
224,225,302,30,Variable 2,25.000000000000000
225,226,51,5,Variable 1,250.000000000000000
226,227,151,15,Variable 1,175.000000000000000
227,228,201,20,Variable 1,25.000000000000000
228,229,153,15,Variable 3,25.000000000000000
229,230,302,30,Variable 2,25.000000000000000
230,231,502,50,Variable 2,100.000000000000000
231,232,51,5,Variable 1,50.000000000000000
232,233,151,15,Variable 1,50.000000000000000
233,234,201,20,Variable 1,50.000000000000000
234,235,153,15,Variable 3,25.000000000000000
235,236,302,30,Variable 2,25.000000000000000
236,237,402,40,Variable 2,1975.000000000000000
237,238,502,50,Variable 2,25.000000000000000
238,239,201,20,Variable 1,50.000000000000000
239,240,153,15,Variable 3,25.000000000000000
240,241,302,30,Variable 2,25.000000000000000
241,242,51,5,Variable 1,75.000000000000000
242,243,151,15,Variable 1,100.000000000000000
243,244,201,20,Variable 1,25.000000000000000
244,245,153,15,Variable 3,50.000000000000000
245,246,302,30,Variable 2,25.000000000000000
246,247,402,40,Variable 2,100.000000000000000
247,248,502,50,Variable 2,100.000000000000000
248,249,151,15,Variable 1,25.000000000000000
249,250,201,20,Variable 1,50.000000000000000
250,251,153,15,Variable 3,25.000000000000000
251,252,203,20,Variable 3,25.000000000000000
252,253,502,50,Variable 2,50.000000000000000
253,254,201,20,Variable 1,25.000000000000000
254,255,153,15,Variable 3,50.000000000000000
255,256,302,30,Variable 2,25.000000000000000
256,257,402,40,Variable 2,100.000000000000000
257,258,502,50,Variable 2,25.000000000000000
258,259,101,10,Variable 1,3625.000000000000000
259,260,201,20,Variable 1,25.000000000000000
260,261,153,15,Variable 3,25.000000000000000
261,262,203,20,Variable 3,25.000000000000000
262,263,302,30,Variable 2,25.000000000000000
263,264,402,40,Variable 2,25.000000000000000
264,265,502,50,Variable 2,50.000000000000000
265,266,304,30,Variable 4,25.000000000000000
266,267,151,15,Variable 1,225.000000000000000
267,268,201,20,Variable 1,25.000000000000000
268,269,153,15,Variable 3,50.000000000000000
269,270,302,30,Variable 2,25.000000000000000
270,271,402,40,Variable 2,50.000000000000000
271,272,502,50,Variable 2,25.000000000000000
272,273,201,20,Variable 1,50.000000000000000
273,274,153,15,Variable 3,25.000000000000000
274,275,302,30,Variable 2,25.000000000000000
275,276,502,50,Variable 2,50.000000000000000
276,277,153,15,Variable 3,50.000000000000000
277,278,203,20,Variable 3,25.000000000000000
278,279,402,40,Variable 2,100.000000000000000
279,280,502,50,Variable 2,25.000000000000000
280,281,504,50,Variable 4,150.000000000000000
281,282,504,50,Variable 4,500.000000000000000
282,283,302,30,Variable 2,25.000000000000000
283,284,402,40,Variable 2,50.000000000000000
284,285,502,50,Variable 2,50.000000000000000
285,286,302,30,Variable 2,50.000000000000000
286,287,404,40,Variable 4,800.000000000000000
287,288,302,30,Variable 2,25.000000000000000
288,289,402,40,Variable 2,125.000000000000000
289,290,502,50,Variable 2,100.000000000000000
290,291,302,30,Variable 2,25.000000000000000
291,292,402,40,Variable 2,50.000000000000000
292,293,303,30,Variable 3,25.000000000000000
293,294,304,30,Variable 4,200.000000000000000
294,295,301,30,Variable 1,25.000000000000000
295,296,402,40,Variable 2,25.000000000000000
296,297,203,20,Variable 3,25.000000000000000
297,298,201,20,Variable 1,25.000000000000000
298,299,304,30,Variable 4,875.000000000000000
299,300,301,30,Variable 1,50.000000000000000
300,301,402,40,Variable 2,25.000000000000000
301,302,201,20,Variable 1,25.000000000000000
302,303,203,20,Variable 3,25.000000000000000
303,304,304,30,Variable 4,100.000000000000000
304,305,304,30,Variable 4,50.000000000000000
305,306,201,20,Variable 1,75.000000000000000
306,307,301,30,Variable 1,175.000000000000000
307,308,301,30,Variable 1,50.000000000000000
308,309,303,30,Variable 3,300.000000000000000
309,310,204,20,Variable 4,25.000000000000000
310,311,201,20,Variable 1,25.000000000000000
311,312,201,20,Variable 1,25.000000000000000
312,313,301,30,Variable 1,75.000000000000000
313,314,151,15,Variable 1,25.000000000000000
314,315,154,15,Variable 4,25.000000000000000
315,316,301,30,Variable 1,25.000000000000000
316,317,151,15,Variable 1,75.000000000000000
317,318,154,15,Variable 4,25.000000000000000
318,319,151,15,Variable 1,25.000000000000000
319,320,201,20,Variable 1,300.000000000000000
320,321,201,20,Variable 1,25.000000000000000
321,322,301,30,Variable 1,25.000000000000000
322,323,151,15,Variable 1,25.000000000000000
323,324,204,20,Variable 4,1675.000000000000000
324,325,201,20,Variable 1,275.000000000000000
325,326,201,20,Variable 1,50.000000000000000
326,327,152,15,Variable 2,50.000000000000000
327,328,151,15,Variable 1,150.000000000000000
328,329,201,20,Variable 1,25.000000000000000
329,330,201,20,Variable 1,25.000000000000000
330,331,152,15,Variable 2,25.000000000000000
331,332,201,20,Variable 1,25.000000000000000
332,333,154,15,Variable 4,1575.000000000000000
333,334,402,40,Variable 2,150.000000000000000
334,335,104,10,Variable 4,75.000000000000000
335,336,104,10,Variable 4,75.000000000000000
336,337,104,10,Variable 4,25.000000000000000
337,338,152,15,Variable 2,25.000000000000000
338,339,51,5,Variable 1,50.000000000000000
339,340,151,15,Variable 1,50.000000000000000
340,341,151,15,Variable 1,1975.000000000000000
341,342,151,15,Variable 1,25.000000000000000
342,343,51,5,Variable 1,25.000000000000000
343,344,51,5,Variable 1,25.000000000000000
344,345,201,20,Variable 1,25.000000000000000
345,346,151,15,Variable 1,25.000000000000000
346,347,151,15,Variable 1,25.000000000000000
347,348,101,10,Variable 1,75.000000000000000
348,349,101,10,Variable 1,650.000000000000000
349,350,151,15,Variable 1,50.000000000000000
350,351,51,5,Variable 1,75.000000000000000
351,352,51,5,Variable 1,50.000000000000000
352,353,51,5,Variable 1,50.000000000000000
353,354,51,5,Variable 1,25.000000000000000
354,355,104,10,Variable 4,50.000000000000000
355,356,301,30,Variable 1,800.000000000000000
356,357,153,15,Variable 3,100.000000000000000
357,358,502,50,Variable 2,25.000000000000000
358,359,153,15,Variable 3,25.000000000000000
359,360,502,50,Variable 2,25.000000000000000
360,361,104,10,Variable 4,25.000000000000000
361,362,104,10,Variable 4,25.000000000000000
362,363,502,50,Variable 2,75.000000000000000
363,364,104,10,Variable 4,25.000000000000000
364,365,202,20,Variable 2,8400.000000000000000
365,366,151,15,Variable 1,25.000000000000000
366,367,151,15,Variable 1,75.000000000000000
367,368,151,15,Variable 1,25.000000000000000
368,369,151,15,Variable 1,50.000000000000000
369,370,502,50,Variable 2,75.000000000000000
370,371,151,15,Variable 1,525.000000000000000
371,372,201,20,Variable 1,25.000000000000000
372,373,151,15,Variable 1,50.000000000000000
373,374,201,20,Variable 1,50.000000000000000
374,375,104,10,Variable 4,50.000000000000000
375,376,202,20,Variable 2,575.000000000000000
376,377,104,10,Variable 4,25.000000000000000
377,378,104,10,Variable 4,25.000000000000000
378,379,104,10,Variable 4,25.000000000000000
379,380,104,10,Variable 4,50.000000000000000
380,381,104,10,Variable 4,25.000000000000000
381,382,104,10,Variable 4,75.000000000000000
382,383,201,20,Variable 1,25.000000000000000
383,384,104,10,Variable 4,25.000000000000000
384,385,104,10,Variable 4,25.000000000000000
385,386,104,10,Variable 4,25.000000000000000
386,387,104,10,Variable 4,25.000000000000000
387,388,104,10,Variable 4,25.000000000000000
388,389,201,20,Variable 1,25.000000000000000
389,390,104,10,Variable 4,25.000000000000000
390,391,502,50,Variable 2,1600.000000000000000
391,392,104,10,Variable 4,25.000000000000000
392,393,202,20,Variable 2,775.000000000000000
393,394,202,20,Variable 2,25.000000000000000
394,395,104,10,Variable 4,25.000000000000000
395,396,104,10,Variable 4,25.000000000000000
396,397,104,10,Variable 4,25.000000000000000
397,398,54,5,Variable 4,25.000000000000000
398,399,104,10,Variable 4,75.000000000000000
399,400,54,5,Variable 4,25.000000000000000
400,401,54,5,Variable 4,50.000000000000000
401,402,202,20,Variable 2,200.000000000000000
402,403,202,20,Variable 2,25.000000000000000
403,404,54,5,Variable 4,25.000000000000000
404,405,202,20,Variable 2,50.000000000000000
405,406,151,15,Variable 1,25.000000000000000
406,407,153,15,Variable 3,25.000000000000000
407,408,153,15,Variable 3,25.000000000000000
408,409,154,15,Variable 4,25.000000000000000
409,410,54,5,Variable 4,25.000000000000000
410,411,104,10,Variable 4,25.000000000000000
411,412,402,40,Variable 2,75.000000000000000
412,413,54,5,Variable 4,25.000000000000000
413,414,104,10,Variable 4,25.000000000000000
414,415,201,20,Variable 1,1750.000000000000000
415,416,202,20,Variable 2,25.000000000000000
416,417,54,5,Variable 4,25.000000000000000
417,418,104,10,Variable 4,25.000000000000000
418,419,104,10,Variable 4,25.000000000000000
419,420,104,10,Variable 4,25.000000000000000
420,421,104,10,Variable 4,50.000000000000000
421,422,104,10,Variable 4,25.000000000000000
422,423,153,15,Variable 3,25.000000000000000
423,424,51,5,Variable 1,150.000000000000000
424,425,51,5,Variable 1,75.000000000000000
425,426,151,15,Variable 1,25.000000000000000
426,427,104,10,Variable 4,50.000000000000000
427,428,204,20,Variable 4,75.000000000000000
428,429,104,10,Variable 4,150.000000000000000
429,430,51,5,Variable 1,225.000000000000000
430,431,51,5,Variable 1,25.000000000000000
431,432,51,5,Variable 1,25.000000000000000
432,433,151,15,Variable 1,225.000000000000000
433,434,51,5,Variable 1,25.000000000000000
434,435,51,5,Variable 1,125.000000000000000
435,436,304,30,Variable 4,150.000000000000000
436,437,54,5,Variable 4,25.000000000000000
437,438,204,20,Variable 4,125.000000000000000
438,439,51,5,Variable 1,75.000000000000000
439,440,51,5,Variable 1,75.000000000000000
440,441,154,15,Variable 4,25.000000000000000
441,442,54,5,Variable 4,25.000000000000000
442,443,204,20,Variable 4,125.000000000000000
443,444,201,20,Variable 1,19600.000000000000000
444,445,402,40,Variable 2,8600.000000000000000
445,446,151,15,Variable 1,49700.000000000000000
446,447,151,15,Variable 1,100.000000000000000
447,448,502,50,Variable 2,1700.000000000000000
448,449,402,40,Variable 2,25.000000000000000
449,450,404,40,Variable 4,350.000000000000000
450,451,504,50,Variable 4,25.000000000000000
451,452,404,40,Variable 4,25.000000000000000
452,453,402,40,Variable 2,2800.000000000000000
453,454,54,5,Variable 4,25.000000000000000
454,455,402,40,Variable 2,250.000000000000000
455,456,154,15,Variable 4,1450.000000000000000
456,457,304,30,Variable 4,1150.000000000000000
457,458,104,10,Variable 4,25.000000000000000
458,459,204,20,Variable 4,775.000000000000000
459,460,201,20,Variable 1,100.000000000000000
460,461,51,5,Variable 1,25.000000000000000
461,462,54,5,Variable 4,25.000000000000000
462,463,54,5,Variable 4,25.000000000000000
463,464,204,20,Variable 4,50.000000000000000
464,465,402,40,Variable 2,300.000000000000000
465,466,502,50,Variable 2,650.000000000000000
466,467,51,5,Variable 1,25.000000000000000
467,468,54,5,Variable 4,25.000000000000000
468,469,201,20,Variable 1,175.000000000000000
469,470,151,15,Variable 1,1150.000000000000000
470,471,104,10,Variable 4,25.000000000000000
471,472,404,40,Variable 4,50.000000000000000
472,473,104,10,Variable 4,50.000000000000000
473,474,302,30,Variable 2,24175.000000000000000
474,475,54,5,Variable 4,50.000000000000000
475,476,404,40,Variable 4,25.000000000000000
476,477,402,40,Variable 2,200.000000000000000
477,478,151,15,Variable 1,75.000000000000000
478,479,104,10,Variable 4,75.000000000000000
479,480,204,20,Variable 4,400.000000000000000
480,481,201,20,Variable 1,25.000000000000000
481,482,302,30,Variable 2,75.000000000000000
482,483,502,50,Variable 2,275.000000000000000
483,484,54,5,Variable 4,25.000000000000000
484,485,54,5,Variable 4,25.000000000000000
485,486,51,5,Variable 1,125.000000000000000
486,487,54,5,Variable 4,25.000000000000000
487,488,104,10,Variable 4,25.000000000000000
488,489,404,40,Variable 4,75.000000000000000
489,490,402,40,Variable 2,225.000000000000000
490,491,151,15,Variable 1,200.000000000000000
491,492,203,20,Variable 3,25.000000000000000
492,493,504,50,Variable 4,25.000000000000000
493,494,402,40,Variable 2,50.000000000000000
494,495,151,15,Variable 1,25.000000000000000
495,496,404,40,Variable 4,200.000000000000000
496,497,402,40,Variable 2,50.000000000000000
497,498,54,5,Variable 4,25.000000000000000
498,499,51,5,Variable 1,25.000000000000000
499,500,204,20,Variable 4,375.000000000000000
500,501,502,50,Variable 2,275.000000000000000
501,502,404,40,Variable 4,50.000000000000000
502,503,402,40,Variable 2,50.000000000000000
503,504,502,50,Variable 2,50.000000000000000
504,505,101,10,Variable 1,150.000000000000000
505,506,101,10,Variable 1,50.000000000000000
506,507,204,20,Variable 4,75.000000000000000
507,508,201,20,Variable 1,25.000000000000000
508,509,203,20,Variable 3,25.000000000000000
509,510,502,50,Variable 2,25.000000000000000
510,511,504,50,Variable 4,25.000000000000000
511,512,402,40,Variable 2,25.000000000000000
512,513,502,50,Variable 2,50.000000000000000
513,514,101,10,Variable 1,25.000000000000000
514,515,204,20,Variable 4,125.000000000000000
515,516,404,40,Variable 4,125.000000000000000
516,517,203,20,Variable 3,50.000000000000000
517,518,502,50,Variable 2,25.000000000000000
518,519,54,5,Variable 4,25.000000000000000
519,520,104,10,Variable 4,1150.000000000000000
520,521,153,15,Variable 3,25.000000000000000
521,522,101,10,Variable 1,100.000000000000000
522,523,104,10,Variable 4,50.000000000000000
523,524,402,40,Variable 2,100.000000000000000
524,525,154,15,Variable 4,1550.000000000000000
525,526,204,20,Variable 4,75.000000000000000
526,527,304,30,Variable 4,1800.000000000000000
527,528,404,40,Variable 4,50.000000000000000
528,529,204,20,Variable 4,50.000000000000000
529,530,201,20,Variable 1,50.000000000000000
530,531,404,40,Variable 4,50.000000000000000
531,532,203,20,Variable 3,125.000000000000000
532,533,502,50,Variable 2,75.000000000000000
533,534,104,10,Variable 4,75.000000000000000
534,535,204,20,Variable 4,25.000000000000000
535,536,404,40,Variable 4,25.000000000000000
536,537,402,40,Variable 2,50.000000000000000
537,538,304,30,Variable 4,225.000000000000000
538,539,404,40,Variable 4,50.000000000000000
539,540,502,50,Variable 2,25.000000000000000
540,541,304,30,Variable 4,50.000000000000000
541,542,402,40,Variable 2,50.000000000000000
542,543,502,50,Variable 2,50.000000000000000
543,544,402,40,Variable 2,25.000000000000000
544,545,204,20,Variable 4,50.000000000000000
545,546,502,50,Variable 2,50.000000000000000
546,547,204,20,Variable 4,25.000000000000000
547,548,304,30,Variable 4,150.000000000000000
548,549,402,40,Variable 2,25.000000000000000
549,550,204,20,Variable 4,50.000000000000000
550,551,304,30,Variable 4,50.000000000000000
551,552,502,50,Variable 2,25.000000000000000
552,553,204,20,Variable 4,25.000000000000000
553,554,402,40,Variable 2,25.000000000000000
554,555,502,50,Variable 2,25.000000000000000
555,556,402,40,Variable 2,25.000000000000000
556,557,304,30,Variable 4,75.000000000000000
557,558,204,20,Variable 4,25.000000000000000
558,559,203,20,Variable 3,25.000000000000000
559,560,303,30,Variable 3,25.000000000000000
560,561,204,20,Variable 4,25.000000000000000
561,562,502,50,Variable 2,25.000000000000000
562,563,153,15,Variable 3,25.000000000000000
563,564,203,20,Variable 3,25.000000000000000
564,565,204,20,Variable 4,25.000000000000000
565,566,402,40,Variable 2,25.000000000000000
566,567,104,10,Variable 4,25.000000000000000
567,568,153,15,Variable 3,25.000000000000000
568,569,304,30,Variable 4,25.000000000000000
569,570,502,50,Variable 2,25.000000000000000
570,571,203,20,Variable 3,25.000000000000000
571,572,304,30,Variable 4,25.000000000000000
572,573,201,20,Variable 1,850.000000000000000
573,574,153,15,Variable 3,25.000000000000000
574,575,203,20,Variable 3,25.000000000000000
575,576,502,50,Variable 2,25.000000000000000
576,577,204,20,Variable 4,25.000000000000000
577,578,304,30,Variable 4,25.000000000000000
578,579,203,20,Variable 3,25.000000000000000
579,580,502,50,Variable 2,25.000000000000000
580,581,204,20,Variable 4,25.000000000000000
581,582,402,40,Variable 2,25.000000000000000
582,583,502,50,Variable 2,25.000000000000000
583,584,203,20,Variable 3,25.000000000000000
584,585,304,30,Variable 4,25.000000000000000
585,586,403,40,Variable 3,25.000000000000000
586,587,204,20,Variable 4,25.000000000000000
587,588,203,20,Variable 3,25.000000000000000
588,589,502,50,Variable 2,25.000000000000000
589,590,201,20,Variable 1,225.000000000000000
590,591,402,40,Variable 2,25.000000000000000
591,592,54,5,Variable 4,25.000000000000000
592,593,153,15,Variable 3,75.000000000000000
593,594,403,40,Variable 3,25.000000000000000
594,595,104,10,Variable 4,25.000000000000000
595,596,203,20,Variable 3,50.000000000000000
596,597,402,40,Variable 2,50.000000000000000
597,598,502,50,Variable 2,25.000000000000000
598,599,153,15,Variable 3,25.000000000000000
599,600,203,20,Variable 3,25.000000000000000
600,601,402,40,Variable 2,25.000000000000000
601,602,403,40,Variable 3,25.000000000000000
602,603,203,20,Variable 3,25.000000000000000
603,604,153,15,Variable 3,75.000000000000000
604,605,402,40,Variable 2,50.000000000000000
605,606,303,30,Variable 3,25.000000000000000
606,607,203,20,Variable 3,25.000000000000000
607,608,402,40,Variable 2,25.000000000000000
608,609,502,50,Variable 2,25.000000000000000
609,610,153,15,Variable 3,25.000000000000000
610,611,203,20,Variable 3,25.000000000000000
611,612,402,40,Variable 2,25.000000000000000
612,613,153,15,Variable 3,25.000000000000000
613,614,203,20,Variable 3,25.000000000000000
614,615,502,50,Variable 2,50.000000000000000
615,616,104,10,Variable 4,25.000000000000000
616,617,153,15,Variable 3,25.000000000000000
617,618,203,20,Variable 3,25.000000000000000
618,619,502,50,Variable 2,25.000000000000000
619,620,402,40,Variable 2,25.000000000000000
620,621,502,50,Variable 2,25.000000000000000
621,622,201,20,Variable 1,525.000000000000000
622,623,153,15,Variable 3,50.000000000000000
623,624,203,20,Variable 3,25.000000000000000
624,625,402,40,Variable 2,25.000000000000000
625,626,403,40,Variable 3,25.000000000000000
626,627,201,20,Variable 1,25.000000000000000
627,628,153,15,Variable 3,25.000000000000000
628,629,203,20,Variable 3,25.000000000000000
629,630,402,40,Variable 2,25.000000000000000
630,631,153,15,Variable 3,25.000000000000000
631,632,203,20,Variable 3,50.000000000000000
632,633,402,40,Variable 2,25.000000000000000
633,634,502,50,Variable 2,75.000000000000000
634,635,101,10,Variable 1,50.000000000000000
635,636,201,20,Variable 1,100.000000000000000
636,637,153,15,Variable 3,25.000000000000000
637,638,203,20,Variable 3,25.000000000000000
638,639,402,40,Variable 2,25.000000000000000
639,640,502,50,Variable 2,25.000000000000000
640,641,201,20,Variable 1,25.000000000000000
641,642,153,15,Variable 3,25.000000000000000
642,643,203,20,Variable 3,25.000000000000000
643,644,402,40,Variable 2,25.000000000000000
644,645,201,20,Variable 1,25.000000000000000
645,646,153,15,Variable 3,25.000000000000000
646,647,203,20,Variable 3,25.000000000000000
647,648,502,50,Variable 2,50.000000000000000
648,649,201,20,Variable 1,25.000000000000000
649,650,204,20,Variable 4,25.000000000000000
650,651,304,30,Variable 4,25.000000000000000
651,652,402,40,Variable 2,25.000000000000000
652,653,201,20,Variable 1,25.000000000000000
653,654,204,20,Variable 4,25.000000000000000
654,655,203,20,Variable 3,25.000000000000000
655,656,204,20,Variable 4,25.000000000000000
656,657,402,40,Variable 2,50.000000000000000
657,658,502,50,Variable 2,25.000000000000000
658,659,201,20,Variable 1,75.000000000000000
659,660,204,20,Variable 4,25.000000000000000
660,661,402,40,Variable 2,50.000000000000000
661,662,203,20,Variable 3,25.000000000000000
662,663,304,30,Variable 4,25.000000000000000
663,664,502,50,Variable 2,25.000000000000000
664,665,204,20,Variable 4,25.000000000000000
665,666,203,20,Variable 3,25.000000000000000
666,667,402,40,Variable 2,25.000000000000000
667,668,153,15,Variable 3,25.000000000000000
668,669,203,20,Variable 3,25.000000000000000
669,670,402,40,Variable 2,25.000000000000000
670,671,502,50,Variable 2,25.000000000000000
671,672,54,5,Variable 4,25.000000000000000
672,673,402,40,Variable 2,25.000000000000000
673,674,502,50,Variable 2,25.000000000000000
674,675,54,5,Variable 4,25.000000000000000
675,676,201,20,Variable 1,200.000000000000000
676,677,153,15,Variable 3,50.000000000000000
677,678,203,20,Variable 3,50.000000000000000
678,679,302,30,Variable 2,25.000000000000000
679,680,402,40,Variable 2,25.000000000000000
680,681,303,30,Variable 3,25.000000000000000
681,682,151,15,Variable 1,450.000000000000000
682,683,151,15,Variable 1,25.000000000000000
683,684,302,30,Variable 2,100.000000000000000
684,685,502,50,Variable 2,25.000000000000000
685,686,502,50,Variable 2,25.000000000000000
686,687,153,15,Variable 3,25.000000000000000
687,688,151,15,Variable 1,25.000000000000000
688,689,153,15,Variable 3,125.000000000000000
689,690,203,20,Variable 3,50.000000000000000
690,691,402,40,Variable 2,25.000000000000000
691,692,502,50,Variable 2,25.000000000000000
692,693,502,50,Variable 2,50.000000000000000
693,694,402,40,Variable 2,25.000000000000000
694,695,201,20,Variable 1,25.000000000000000
695,696,51,5,Variable 1,25.000000000000000
696,697,101,10,Variable 1,1325.000000000000000
697,698,153,15,Variable 3,50.000000000000000
698,699,203,20,Variable 3,25.000000000000000
699,700,402,40,Variable 2,50.000000000000000
700,701,402,40,Variable 2,50.000000000000000
701,702,302,30,Variable 2,50.000000000000000
702,703,201,20,Variable 1,25.000000000000000
703,704,151,15,Variable 1,25.000000000000000
704,705,101,10,Variable 1,25.000000000000000
705,706,51,5,Variable 1,25.000000000000000
706,707,151,15,Variable 1,25.000000000000000
707,708,203,20,Variable 3,25.000000000000000
708,709,302,30,Variable 2,25.000000000000000
709,710,502,50,Variable 2,75.000000000000000
710,711,402,40,Variable 2,25.000000000000000
711,712,302,30,Variable 2,25.000000000000000
712,713,151,15,Variable 1,50.000000000000000
713,714,51,5,Variable 1,25.000000000000000
714,715,153,15,Variable 3,75.000000000000000
715,716,203,20,Variable 3,25.000000000000000
716,717,402,40,Variable 2,50.000000000000000
717,718,502,50,Variable 2,25.000000000000000
718,719,502,50,Variable 2,25.000000000000000
719,720,402,40,Variable 2,75.000000000000000
720,721,502,50,Variable 2,25.000000000000000
721,722,302,30,Variable 2,25.000000000000000
722,723,201,20,Variable 1,25.000000000000000
723,724,151,15,Variable 1,25.000000000000000
724,725,51,5,Variable 1,25.000000000000000
725,726,153,15,Variable 3,25.000000000000000
726,727,203,20,Variable 3,25.000000000000000
727,728,402,40,Variable 2,50.000000000000000
728,729,502,50,Variable 2,25.000000000000000
729,730,502,50,Variable 2,75.000000000000000
730,731,402,40,Variable 2,25.000000000000000
731,732,302,30,Variable 2,50.000000000000000
732,733,153,15,Variable 3,25.000000000000000
733,734,203,20,Variable 3,25.000000000000000
734,735,402,40,Variable 2,25.000000000000000
735,736,153,15,Variable 3,25.000000000000000
736,737,151,15,Variable 1,50.000000000000000
737,738,51,5,Variable 1,25.000000000000000
738,739,153,15,Variable 3,25.000000000000000
739,740,203,20,Variable 3,25.000000000000000
740,741,302,30,Variable 2,25.000000000000000
741,742,502,50,Variable 2,25.000000000000000
742,743,302,30,Variable 2,75.000000000000000
743,744,153,15,Variable 3,50.000000000000000
744,745,201,20,Variable 1,25.000000000000000
745,746,54,5,Variable 4,25.000000000000000
746,747,104,10,Variable 4,25.000000000000000
747,748,153,15,Variable 3,25.000000000000000
748,749,203,20,Variable 3,25.000000000000000
749,750,402,40,Variable 2,75.000000000000000
750,751,502,50,Variable 2,25.000000000000000
751,752,502,50,Variable 2,200.000000000000000
752,753,302,30,Variable 2,25.000000000000000
753,754,203,20,Variable 3,25.000000000000000
754,755,151,15,Variable 1,75.000000000000000
755,756,51,5,Variable 1,75.000000000000000
756,757,153,15,Variable 3,25.000000000000000
757,758,302,30,Variable 2,25.000000000000000
758,759,402,40,Variable 2,50.000000000000000
759,760,502,50,Variable 2,25.000000000000000
760,761,502,50,Variable 2,75.000000000000000
761,762,302,30,Variable 2,50.000000000000000
762,763,203,20,Variable 3,50.000000000000000
763,764,51,5,Variable 1,25.000000000000000
764,765,153,15,Variable 3,25.000000000000000
765,766,203,20,Variable 3,25.000000000000000
766,767,502,50,Variable 2,25.000000000000000
767,768,502,50,Variable 2,50.000000000000000
768,769,304,30,Variable 4,25.000000000000000
769,770,204,20,Variable 4,25.000000000000000
770,771,153,15,Variable 3,25.000000000000000
771,772,302,30,Variable 2,50.000000000000000
772,773,402,40,Variable 2,75.000000000000000
773,774,502,50,Variable 2,25.000000000000000
774,775,502,50,Variable 2,25.000000000000000
775,776,203,20,Variable 3,75.000000000000000
776,777,51,5,Variable 1,25.000000000000000
777,778,304,30,Variable 4,25.000000000000000
778,779,204,20,Variable 4,25.000000000000000
779,780,154,15,Variable 4,25.000000000000000
780,781,201,20,Variable 1,875.000000000000000
781,782,153,15,Variable 3,50.000000000000000
782,783,302,30,Variable 2,25.000000000000000
783,784,402,40,Variable 2,25.000000000000000
784,785,502,50,Variable 2,50.000000000000000
785,786,502,50,Variable 2,50.000000000000000
786,787,101,10,Variable 1,25.000000000000000
787,788,304,30,Variable 4,25.000000000000000
788,789,204,20,Variable 4,25.000000000000000
789,790,154,15,Variable 4,25.000000000000000
790,791,153,15,Variable 3,25.000000000000000
791,792,204,20,Variable 4,25.000000000000000
792,793,402,40,Variable 2,25.000000000000000
793,794,502,50,Variable 2,25.000000000000000
794,795,203,20,Variable 3,25.000000000000000
795,796,304,30,Variable 4,25.000000000000000
796,797,204,20,Variable 4,25.000000000000000
797,798,104,10,Variable 4,25.000000000000000
798,799,153,15,Variable 3,25.000000000000000
799,800,302,30,Variable 2,75.000000000000000
800,801,402,40,Variable 2,25.000000000000000
801,802,502,50,Variable 2,25.000000000000000
802,803,502,50,Variable 2,100.000000000000000
803,804,203,20,Variable 3,50.000000000000000
804,805,304,30,Variable 4,25.000000000000000
805,806,204,20,Variable 4,25.000000000000000
806,807,201,20,Variable 1,175.000000000000000
807,808,153,15,Variable 3,50.000000000000000
808,809,203,20,Variable 3,25.000000000000000
809,810,502,50,Variable 2,25.000000000000000
810,811,502,50,Variable 2,50.000000000000000
811,812,203,20,Variable 3,25.000000000000000
812,813,101,10,Variable 1,850.000000000000000
813,814,304,30,Variable 4,25.000000000000000
814,815,204,20,Variable 4,25.000000000000000
815,816,153,15,Variable 3,25.000000000000000
816,817,203,20,Variable 3,25.000000000000000
817,818,502,50,Variable 2,25.000000000000000
818,819,101,10,Variable 1,25.000000000000000
819,820,204,20,Variable 4,25.000000000000000
820,821,104,10,Variable 4,25.000000000000000
821,822,51,5,Variable 1,25.000000000000000
822,823,201,20,Variable 1,125.000000000000000
823,824,204,20,Variable 4,25.000000000000000
824,825,203,20,Variable 3,25.000000000000000
825,826,502,50,Variable 2,25.000000000000000
826,827,502,50,Variable 2,100.000000000000000
827,828,302,30,Variable 2,25.000000000000000
828,829,203,20,Variable 3,75.000000000000000
829,830,302,30,Variable 2,1300.000000000000000
830,831,203,20,Variable 3,25.000000000000000
831,832,103,10,Variable 3,25.000000000000000
832,833,151,15,Variable 1,1200.000000000000000
833,834,201,20,Variable 1,25.000000000000000
834,835,153,15,Variable 3,25.000000000000000
835,836,204,20,Variable 4,25.000000000000000
836,837,304,30,Variable 4,200.000000000000000
837,838,404,40,Variable 4,25.000000000000000
838,839,502,50,Variable 2,50.000000000000000
839,840,302,30,Variable 2,25.000000000000000
840,841,203,20,Variable 3,50.000000000000000
841,842,151,15,Variable 1,25.000000000000000
842,843,204,20,Variable 4,25.000000000000000
843,844,203,20,Variable 3,25.000000000000000
844,845,502,50,Variable 2,25.000000000000000
845,846,404,40,Variable 4,25.000000000000000
846,847,104,10,Variable 4,25.000000000000000
847,848,204,20,Variable 4,25.000000000000000
848,849,502,50,Variable 2,25.000000000000000
849,850,502,50,Variable 2,75.000000000000000
850,851,302,30,Variable 2,100.000000000000000
851,852,203,20,Variable 3,25.000000000000000
852,853,404,40,Variable 4,75.000000000000000
853,854,104,10,Variable 4,25.000000000000000
854,855,201,20,Variable 1,125.000000000000000
855,856,153,15,Variable 3,25.000000000000000
856,857,203,20,Variable 3,25.000000000000000
857,858,304,30,Variable 4,175.000000000000000
858,859,502,50,Variable 2,25.000000000000000
859,860,502,50,Variable 2,25.000000000000000
860,861,402,40,Variable 2,1750.000000000000000
861,862,302,30,Variable 2,50.000000000000000
862,863,203,20,Variable 3,25.000000000000000
863,864,404,40,Variable 4,50.000000000000000
864,865,304,30,Variable 4,550.000000000000000
865,866,151,15,Variable 1,50.000000000000000
866,867,101,10,Variable 1,25.000000000000000
867,868,104,10,Variable 4,25.000000000000000
868,869,153,15,Variable 3,25.000000000000000
869,870,203,20,Variable 3,25.000000000000000
870,871,402,40,Variable 2,25.000000000000000
871,872,302,30,Variable 2,50.000000000000000
872,873,203,20,Variable 3,25.000000000000000
873,874,204,20,Variable 4,25.000000000000000
874,875,204,20,Variable 4,25.000000000000000
875,876,304,30,Variable 4,100.000000000000000
876,877,502,50,Variable 2,50.000000000000000
877,878,502,50,Variable 2,50.000000000000000
878,879,302,30,Variable 2,25.000000000000000
879,880,203,20,Variable 3,50.000000000000000
880,881,153,15,Variable 3,2725.000000000000000
881,882,404,40,Variable 4,175.000000000000000
882,883,304,30,Variable 4,200.000000000000000
883,884,101,10,Variable 1,75.000000000000000
884,885,104,10,Variable 4,75.000000000000000
885,886,51,5,Variable 1,37325.000000000000000
886,887,54,5,Variable 4,25.000000000000000
887,888,154,15,Variable 4,25.000000000000000
888,889,203,20,Variable 3,25.000000000000000
889,890,304,30,Variable 4,25.000000000000000
890,891,502,50,Variable 2,50.000000000000000
891,892,402,40,Variable 2,25.000000000000000
892,893,302,30,Variable 2,25.000000000000000
893,894,153,15,Variable 3,50.000000000000000
894,895,404,40,Variable 4,100.000000000000000
895,896,304,30,Variable 4,50.000000000000000
896,897,101,10,Variable 1,25.000000000000000
897,898,153,15,Variable 3,25.000000000000000
898,899,203,20,Variable 3,25.000000000000000
899,900,502,50,Variable 2,25.000000000000000
900,901,502,50,Variable 2,50.000000000000000
901,902,502,50,Variable 2,25.000000000000000
902,903,302,30,Variable 2,25.000000000000000
903,904,153,15,Variable 3,25.000000000000000
904,905,304,30,Variable 4,75.000000000000000
905,906,153,15,Variable 3,25.000000000000000
906,907,203,20,Variable 3,25.000000000000000
907,908,304,30,Variable 4,100.000000000000000
908,909,502,50,Variable 2,25.000000000000000
909,910,502,50,Variable 2,50.000000000000000
910,911,402,40,Variable 2,125.000000000000000
911,912,402,40,Variable 2,50.000000000000000
912,913,153,15,Variable 3,25.000000000000000
913,914,404,40,Variable 4,150.000000000000000
914,915,304,30,Variable 4,50.000000000000000
915,916,154,15,Variable 4,1150.000000000000000
916,917,104,10,Variable 4,125.000000000000000
917,918,201,20,Variable 1,375.000000000000000
918,919,153,15,Variable 3,50.000000000000000
919,920,203,20,Variable 3,25.000000000000000
920,921,304,30,Variable 4,25.000000000000000
921,922,402,40,Variable 2,25.000000000000000
922,923,502,50,Variable 2,25.000000000000000
923,924,502,50,Variable 2,50.000000000000000
924,925,402,40,Variable 2,25.000000000000000
925,926,203,20,Variable 3,50.000000000000000
926,927,153,15,Variable 3,25.000000000000000
927,928,203,20,Variable 3,25.000000000000000
928,929,402,40,Variable 2,50.000000000000000
929,930,302,30,Variable 2,25.000000000000000
930,931,201,20,Variable 1,4050.000000000000000
931,932,404,40,Variable 4,75.000000000000000
932,933,304,30,Variable 4,50.000000000000000
933,934,104,10,Variable 4,50.000000000000000
934,935,153,15,Variable 3,25.000000000000000
935,936,203,20,Variable 3,25.000000000000000
936,937,502,50,Variable 2,50.000000000000000
937,938,203,20,Variable 3,50.000000000000000
938,939,153,15,Variable 3,25.000000000000000
939,940,201,20,Variable 1,125.000000000000000
940,941,204,20,Variable 4,50.000000000000000
941,942,402,40,Variable 2,25.000000000000000
942,943,203,20,Variable 3,25.000000000000000
943,944,502,50,Variable 2,100.000000000000000
944,945,203,20,Variable 3,25.000000000000000
945,946,153,15,Variable 3,75.000000000000000
946,947,201,20,Variable 1,125.000000000000000
947,948,404,40,Variable 4,100.000000000000000
948,949,404,40,Variable 4,200.000000000000000
949,950,304,30,Variable 4,200.000000000000000
950,951,104,10,Variable 4,50.000000000000000
951,952,51,5,Variable 1,25.000000000000000
952,953,51,5,Variable 1,25.000000000000000
953,954,204,20,Variable 4,25.000000000000000
954,955,304,30,Variable 4,150.000000000000000
955,956,402,40,Variable 2,25.000000000000000
956,957,502,50,Variable 2,25.000000000000000
957,958,402,40,Variable 2,250.000000000000000
958,959,302,30,Variable 2,25.000000000000000
959,960,404,40,Variable 4,200.000000000000000
960,961,304,30,Variable 4,150.000000000000000
961,962,104,10,Variable 4,25.000000000000000
962,963,54,5,Variable 4,25.000000000000000
963,964,402,40,Variable 2,25.000000000000000
964,965,402,40,Variable 2,50.000000000000000
965,966,203,20,Variable 3,75.000000000000000
966,967,404,40,Variable 4,25.000000000000000
967,968,304,30,Variable 4,25.000000000000000
968,969,203,20,Variable 3,25.000000000000000
969,970,304,30,Variable 4,100.000000000000000
970,971,51,5,Variable 1,775.000000000000000
971,972,204,20,Variable 4,75.000000000000000
972,973,203,20,Variable 3,25.000000000000000
973,974,304,30,Variable 4,100.000000000000000
974,975,502,50,Variable 2,50.000000000000000
975,976,502,50,Variable 2,25.000000000000000
976,977,302,30,Variable 2,25.000000000000000
977,978,203,20,Variable 3,25.000000000000000
978,979,153,15,Variable 3,25.000000000000000
979,980,404,40,Variable 4,50.000000000000000
980,981,304,30,Variable 4,25.000000000000000
981,982,51,5,Variable 1,75.000000000000000
982,983,51,5,Variable 1,25.000000000000000
983,984,54,5,Variable 4,25.000000000000000
984,985,201,20,Variable 1,200.000000000000000
985,986,153,15,Variable 3,25.000000000000000
986,987,204,20,Variable 4,25.000000000000000
987,988,203,20,Variable 3,25.000000000000000
988,989,304,30,Variable 4,25.000000000000000
989,990,402,40,Variable 2,25.000000000000000
990,991,502,50,Variable 2,25.000000000000000
991,992,502,50,Variable 2,25.000000000000000
992,993,402,40,Variable 2,25.000000000000000
993,994,404,40,Variable 4,100.000000000000000
994,995,304,30,Variable 4,50.000000000000000
995,996,153,15,Variable 3,25.000000000000000
996,997,51,5,Variable 1,25.000000000000000
997,998,153,15,Variable 3,50.000000000000000
998,999,203,20,Variable 3,25.000000000000000
999,1000,402,40,Variable 2,25.000000000000000
1000,1001,302,30,Variable 2,25.000000000000000
1001,1002,204,20,Variable 4,175.000000000000000
1002,1003,51,5,Variable 1,25.000000000000000
1003,1004,54,5,Variable 4,25.000000000000000
1004,1005,204,20,Variable 4,25.000000000000000
1005,1006,203,20,Variable 3,25.000000000000000
1006,1007,304,30,Variable 4,100.000000000000000
1007,1008,502,50,Variable 2,50.000000000000000
1008,1009,502,50,Variable 2,50.000000000000000
1009,1010,402,40,Variable 2,75.000000000000000
1010,1011,302,30,Variable 2,25.000000000000000
1011,1012,404,40,Variable 4,125.000000000000000
1012,1013,204,20,Variable 4,225.000000000000000
1013,1014,151,15,Variable 1,25.000000000000000
1014,1015,153,15,Variable 3,25.000000000000000
1015,1016,204,20,Variable 4,25.000000000000000
1016,1017,203,20,Variable 3,25.000000000000000
1017,1018,304,30,Variable 4,50.000000000000000
1018,1019,502,50,Variable 2,25.000000000000000
1019,1020,502,50,Variable 2,25.000000000000000
1020,1021,404,40,Variable 4,50.000000000000000
1021,1022,151,15,Variable 1,75.000000000000000
1022,1023,51,5,Variable 1,75.000000000000000
1023,1024,203,20,Variable 3,25.000000000000000
1024,1025,402,40,Variable 2,25.000000000000000
1025,1026,502,50,Variable 2,25.000000000000000
1026,1027,302,30,Variable 2,25.000000000000000
1027,1028,51,5,Variable 1,25.000000000000000
1028,1029,54,5,Variable 4,25.000000000000000
1029,1030,54,5,Variable 4,25.000000000000000
1030,1031,204,20,Variable 4,100.000000000000000
1031,1032,304,30,Variable 4,125.000000000000000
1032,1033,402,40,Variable 2,25.000000000000000
1033,1034,502,50,Variable 2,25.000000000000000
1034,1035,502,50,Variable 2,75.000000000000000
1035,1036,402,40,Variable 2,125.000000000000000
1036,1037,304,30,Variable 4,500.000000000000000
1037,1038,51,5,Variable 1,25.000000000000000
1038,1039,51,5,Variable 1,1175.000000000000000
1039,1040,204,20,Variable 4,50.000000000000000
1040,1041,203,20,Variable 3,25.000000000000000
1041,1042,304,30,Variable 4,50.000000000000000
1042,1043,502,50,Variable 2,25.000000000000000
1043,1044,502,50,Variable 2,25.000000000000000
1044,1045,402,40,Variable 2,50.000000000000000
1045,1046,304,30,Variable 4,25.000000000000000
1046,1047,51,5,Variable 1,25.000000000000000
1047,1048,153,15,Variable 3,25.000000000000000
1048,1049,204,20,Variable 4,25.000000000000000
1049,1050,304,30,Variable 4,25.000000000000000
1050,1051,402,40,Variable 2,25.000000000000000
1051,1052,502,50,Variable 2,25.000000000000000
1052,1053,502,50,Variable 2,50.000000000000000
1053,1054,404,40,Variable 4,50.000000000000000
1054,1055,51,5,Variable 1,25.000000000000000
1055,1056,153,15,Variable 3,25.000000000000000
1056,1057,203,20,Variable 3,75.000000000000000
1057,1058,304,30,Variable 4,25.000000000000000
1058,1059,402,40,Variable 2,25.000000000000000
1059,1060,502,50,Variable 2,25.000000000000000
1060,1061,502,50,Variable 2,50.000000000000000
1061,1062,402,40,Variable 2,175.000000000000000
1062,1063,404,40,Variable 4,75.000000000000000
1063,1064,204,20,Variable 4,325.000000000000000
1064,1065,151,15,Variable 1,25.000000000000000
1065,1066,153,15,Variable 3,50.000000000000000
1066,1067,203,20,Variable 3,50.000000000000000
1067,1068,304,30,Variable 4,25.000000000000000
1068,1069,402,40,Variable 2,25.000000000000000
1069,1070,502,50,Variable 2,50.000000000000000
1070,1071,302,30,Variable 2,25.000000000000000
1071,1072,304,30,Variable 4,350.000000000000000
1072,1073,204,20,Variable 4,50.000000000000000
1073,1074,51,5,Variable 1,50.000000000000000
1074,1075,101,10,Variable 1,25.000000000000000
1075,1076,153,15,Variable 3,25.000000000000000
1076,1077,204,20,Variable 4,25.000000000000000
1077,1078,203,20,Variable 3,25.000000000000000
1078,1079,304,30,Variable 4,25.000000000000000
1079,1080,402,40,Variable 2,25.000000000000000
1080,1081,502,50,Variable 2,25.000000000000000
1081,1082,101,10,Variable 1,25.000000000000000
1082,1083,153,15,Variable 3,25.000000000000000
1083,1084,204,20,Variable 4,25.000000000000000
1084,1085,203,20,Variable 3,25.000000000000000
1085,1086,304,30,Variable 4,25.000000000000000
1086,1087,402,40,Variable 2,25.000000000000000
1087,1088,502,50,Variable 2,25.000000000000000
1088,1089,502,50,Variable 2,100.000000000000000
1089,1090,402,40,Variable 2,275.000000000000000
1090,1091,204,20,Variable 4,125.000000000000000
1091,1092,51,5,Variable 1,75.000000000000000
1092,1093,101,10,Variable 1,50.000000000000000
1093,1094,153,15,Variable 3,25.000000000000000
1094,1095,204,20,Variable 4,25.000000000000000
1095,1096,203,20,Variable 3,25.000000000000000
1096,1097,304,30,Variable 4,50.000000000000000
1097,1098,502,50,Variable 2,25.000000000000000
1098,1099,502,50,Variable 2,25.000000000000000
1099,1100,302,30,Variable 2,25.000000000000000
1100,1101,304,30,Variable 4,25.000000000000000
1101,1102,203,20,Variable 3,225.000000000000000
1102,1103,151,15,Variable 1,725.000000000000000
1103,1104,51,5,Variable 1,75.000000000000000
1104,1105,101,10,Variable 1,25.000000000000000
1105,1106,104,10,Variable 4,25.000000000000000
1106,1107,153,15,Variable 3,25.000000000000000
1107,1108,204,20,Variable 4,25.000000000000000
1108,1109,203,20,Variable 3,25.000000000000000
1109,1110,304,30,Variable 4,25.000000000000000
1110,1111,402,40,Variable 2,25.000000000000000
1111,1112,502,50,Variable 2,50.000000000000000
1112,1113,204,20,Variable 4,25.000000000000000
1113,1114,154,15,Variable 4,50.000000000000000
1114,1115,104,10,Variable 4,25.000000000000000
1115,1116,201,20,Variable 1,1125.000000000000000
1116,1117,153,15,Variable 3,25.000000000000000
1117,1118,204,20,Variable 4,25.000000000000000
1118,1119,203,20,Variable 3,25.000000000000000
1119,1120,304,30,Variable 4,50.000000000000000
1120,1121,402,40,Variable 2,25.000000000000000
1121,1122,502,50,Variable 2,125.000000000000000
1122,1123,402,40,Variable 2,175.000000000000000
1123,1124,204,20,Variable 4,25.000000000000000
1124,1125,51,5,Variable 1,50.000000000000000
1125,1126,204,20,Variable 4,50.000000000000000
1126,1127,304,30,Variable 4,50.000000000000000
1127,1128,402,40,Variable 2,25.000000000000000
1128,1129,502,50,Variable 2,25.000000000000000
1129,1130,154,15,Variable 4,50.000000000000000
1130,1131,103,10,Variable 3,100.000000000000000
1131,1132,153,15,Variable 3,200.000000000000000
1132,1133,104,10,Variable 4,25.000000000000000
1133,1134,51,5,Variable 1,25.000000000000000
1134,1135,101,10,Variable 1,25.000000000000000
1135,1136,204,20,Variable 4,25.000000000000000
1136,1137,304,30,Variable 4,50.000000000000000
1137,1138,502,50,Variable 2,50.000000000000000
1138,1139,502,50,Variable 2,25.000000000000000
1139,1140,103,10,Variable 3,25.000000000000000
1140,1141,153,15,Variable 3,25.000000000000000
1141,1142,204,20,Variable 4,25.000000000000000
1142,1143,203,20,Variable 3,25.000000000000000
1143,1144,304,30,Variable 4,25.000000000000000
1144,1145,402,40,Variable 2,25.000000000000000
1145,1146,502,50,Variable 2,25.000000000000000
1146,1147,502,50,Variable 2,50.000000000000000
1147,1148,402,40,Variable 2,350.000000000000000
1148,1149,304,30,Variable 4,25.000000000000000
1149,1150,103,10,Variable 3,25.000000000000000
1150,1151,101,10,Variable 1,125.000000000000000
1151,1152,204,20,Variable 4,50.000000000000000
1152,1153,304,30,Variable 4,50.000000000000000
1153,1154,402,40,Variable 2,25.000000000000000
1154,1155,502,50,Variable 2,25.000000000000000
1155,1156,502,50,Variable 2,50.000000000000000
1156,1157,402,40,Variable 2,75.000000000000000
1157,1158,304,30,Variable 4,50.000000000000000
1158,1159,203,20,Variable 3,475.000000000000000
1159,1160,153,15,Variable 3,25.000000000000000
1160,1161,204,20,Variable 4,25.000000000000000
1161,1162,203,20,Variable 3,25.000000000000000
1162,1163,304,30,Variable 4,25.000000000000000
1163,1164,402,40,Variable 2,50.000000000000000
1164,1165,502,50,Variable 2,25.000000000000000
1165,1166,204,20,Variable 4,75.000000000000000
1166,1167,153,15,Variable 3,750.000000000000000
1167,1168,51,5,Variable 1,25.000000000000000
1168,1169,201,20,Variable 1,500.000000000000000
1169,1170,153,15,Variable 3,50.000000000000000
1170,1171,203,20,Variable 3,25.000000000000000
1171,1172,304,30,Variable 4,50.000000000000000
1172,1173,402,40,Variable 2,25.000000000000000
1173,1174,502,50,Variable 2,25.000000000000000
1174,1175,502,50,Variable 2,100.000000000000000
1175,1176,402,40,Variable 2,100.000000000000000
1176,1177,304,30,Variable 4,125.000000000000000
1177,1178,204,20,Variable 4,25.000000000000000
1178,1179,51,5,Variable 1,25.000000000000000
1179,1180,104,10,Variable 4,25.000000000000000
1180,1181,201,20,Variable 1,50.000000000000000
1181,1182,153,15,Variable 3,50.000000000000000
1182,1183,204,20,Variable 4,25.000000000000000
1183,1184,502,50,Variable 2,50.000000000000000
1184,1185,502,50,Variable 2,50.000000000000000
1185,1186,402,40,Variable 2,75.000000000000000
1186,1187,203,20,Variable 3,25.000000000000000
1187,1188,204,20,Variable 4,50.000000000000000
1188,1189,151,15,Variable 1,425.000000000000000
1189,1190,51,5,Variable 1,25.000000000000000
1190,1191,153,15,Variable 3,25.000000000000000
1191,1192,204,20,Variable 4,25.000000000000000
1192,1193,404,40,Variable 4,25.000000000000000
1193,1194,402,40,Variable 2,50.000000000000000
1194,1195,502,50,Variable 2,25.000000000000000
1195,1196,502,50,Variable 2,25.000000000000000
1196,1197,204,20,Variable 4,50.000000000000000
1197,1198,51,5,Variable 1,25.000000000000000
1198,1199,201,20,Variable 1,175.000000000000000
1199,1200,153,15,Variable 3,25.000000000000000
1200,1201,304,30,Variable 4,200.000000000000000
1201,1202,404,40,Variable 4,25.000000000000000
1202,1203,402,40,Variable 2,25.000000000000000
1203,1204,502,50,Variable 2,25.000000000000000
1204,1205,502,50,Variable 2,50.000000000000000
1205,1206,402,40,Variable 2,100.000000000000000
1206,1207,302,30,Variable 2,25.000000000000000
1207,1208,203,20,Variable 3,75.000000000000000
1208,1209,153,15,Variable 3,50.000000000000000
1209,1210,51,5,Variable 1,25.000000000000000
1210,1211,201,20,Variable 1,50.000000000000000
1211,1212,153,15,Variable 3,25.000000000000000
1212,1213,204,20,Variable 4,25.000000000000000
1213,1214,304,30,Variable 4,50.000000000000000
1214,1215,404,40,Variable 4,25.000000000000000
1215,1216,504,50,Variable 4,25.000000000000000
1216,1217,402,40,Variable 2,25.000000000000000
1217,1218,502,50,Variable 2,25.000000000000000
1218,1219,502,50,Variable 2,50.000000000000000
1219,1220,203,20,Variable 3,25.000000000000000
1220,1221,204,20,Variable 4,25.000000000000000
1221,1222,153,15,Variable 3,25.000000000000000
1222,1223,51,5,Variable 1,25.000000000000000
1223,1224,204,20,Variable 4,25.000000000000000
1224,1225,504,50,Variable 4,50.000000000000000
1225,1226,402,40,Variable 2,25.000000000000000
1226,1227,502,50,Variable 2,25.000000000000000
1227,1228,203,20,Variable 3,25.000000000000000
1228,1229,153,15,Variable 3,25.000000000000000
1229,1230,51,5,Variable 1,25.000000000000000
1230,1231,201,20,Variable 1,125.000000000000000
1231,1232,304,30,Variable 4,100.000000000000000
1232,1233,404,40,Variable 4,25.000000000000000
1233,1234,504,50,Variable 4,25.000000000000000
1234,1235,203,20,Variable 3,25.000000000000000
1235,1236,502,50,Variable 2,25.000000000000000
1236,1237,502,50,Variable 2,125.000000000000000
1237,1238,402,40,Variable 2,325.000000000000000
1238,1239,203,20,Variable 3,125.000000000000000
1239,1240,153,15,Variable 3,75.000000000000000
1240,1241,151,15,Variable 1,3525.000000000000000
1241,1242,201,20,Variable 1,75.000000000000000
1242,1243,304,30,Variable 4,25.000000000000000
1243,1244,404,40,Variable 4,25.000000000000000
1244,1245,504,50,Variable 4,25.000000000000000
1245,1246,203,20,Variable 3,50.000000000000000
1246,1247,402,40,Variable 2,25.000000000000000
1247,1248,502,50,Variable 2,25.000000000000000
1248,1249,502,50,Variable 2,50.000000000000000
1249,1250,402,40,Variable 2,75.000000000000000
1250,1251,304,30,Variable 4,25.000000000000000
1251,1252,203,20,Variable 3,100.000000000000000
1252,1253,151,15,Variable 1,25.000000000000000
1253,1254,204,20,Variable 4,25.000000000000000
1254,1255,201,20,Variable 1,50.000000000000000
1255,1256,304,30,Variable 4,25.000000000000000
1256,1257,504,50,Variable 4,50.000000000000000
1257,1258,203,20,Variable 3,25.000000000000000
1258,1259,402,40,Variable 2,25.000000000000000
1259,1260,502,50,Variable 2,25.000000000000000
1260,1261,204,20,Variable 4,25.000000000000000
1261,1262,201,20,Variable 1,25.000000000000000
1262,1263,304,30,Variable 4,50.000000000000000
1263,1264,504,50,Variable 4,25.000000000000000
1264,1265,203,20,Variable 3,50.000000000000000
1265,1266,402,40,Variable 2,25.000000000000000
1266,1267,502,50,Variable 2,50.000000000000000
1267,1268,502,50,Variable 2,125.000000000000000
1268,1269,402,40,Variable 2,125.000000000000000
1269,1270,203,20,Variable 3,150.000000000000000
1270,1271,204,20,Variable 4,25.000000000000000
1271,1272,153,15,Variable 3,375.000000000000000
1272,1273,54,5,Variable 4,25.000000000000000
1273,1274,204,20,Variable 4,50.000000000000000
1274,1275,304,30,Variable 4,50.000000000000000
1275,1276,404,40,Variable 4,25.000000000000000
1276,1277,504,50,Variable 4,25.000000000000000
1277,1278,203,20,Variable 3,25.000000000000000
1278,1279,402,40,Variable 2,50.000000000000000
1279,1280,502,50,Variable 2,50.000000000000000
1280,1281,502,50,Variable 2,50.000000000000000
1281,1282,402,40,Variable 2,50.000000000000000
1282,1283,304,30,Variable 4,25.000000000000000
1283,1284,203,20,Variable 3,50.000000000000000
1284,1285,204,20,Variable 4,50.000000000000000
1285,1286,153,15,Variable 3,75.000000000000000
1286,1287,151,15,Variable 1,175.000000000000000
1287,1288,54,5,Variable 4,25.000000000000000
1288,1289,204,20,Variable 4,25.000000000000000
1289,1290,201,20,Variable 1,25.000000000000000
1290,1291,304,30,Variable 4,25.000000000000000
1291,1292,404,40,Variable 4,25.000000000000000
1292,1293,504,50,Variable 4,25.000000000000000
1293,1294,402,40,Variable 2,25.000000000000000
1294,1295,502,50,Variable 2,50.000000000000000
1295,1296,502,50,Variable 2,50.000000000000000
1296,1297,204,20,Variable 4,50.000000000000000
1297,1298,204,20,Variable 4,25.000000000000000
1298,1299,304,30,Variable 4,50.000000000000000
1299,1300,504,50,Variable 4,25.000000000000000
1300,1301,203,20,Variable 3,150.000000000000000
1301,1302,402,40,Variable 2,50.000000000000000
1302,1303,502,50,Variable 2,25.000000000000000
1303,1304,502,50,Variable 2,75.000000000000000
1304,1305,402,40,Variable 2,125.000000000000000
1305,1306,203,20,Variable 3,150.000000000000000
1306,1307,153,15,Variable 3,50.000000000000000
1307,1308,204,20,Variable 4,25.000000000000000
1308,1309,201,20,Variable 1,25.000000000000000
1309,1310,304,30,Variable 4,50.000000000000000
1310,1311,504,50,Variable 4,25.000000000000000
1311,1312,203,20,Variable 3,50.000000000000000
1312,1313,402,40,Variable 2,50.000000000000000
1313,1314,502,50,Variable 2,25.000000000000000
1314,1315,502,50,Variable 2,75.000000000000000
1315,1316,402,40,Variable 2,50.000000000000000
1316,1317,302,30,Variable 2,100.000000000000000
1317,1318,204,20,Variable 4,25.000000000000000
1318,1319,203,20,Variable 3,25.000000000000000
1319,1320,204,20,Variable 4,25.000000000000000
1320,1321,304,30,Variable 4,25.000000000000000
1321,1322,404,40,Variable 4,25.000000000000000
1322,1323,504,50,Variable 4,25.000000000000000
1323,1324,203,20,Variable 3,50.000000000000000
1324,1325,402,40,Variable 2,25.000000000000000
1325,1326,502,50,Variable 2,75.000000000000000
1326,1327,402,40,Variable 2,50.000000000000000
1327,1328,203,20,Variable 3,50.000000000000000
1328,1329,203,20,Variable 3,25.000000000000000
1329,1330,104,10,Variable 4,25.000000000000000
1330,1331,201,20,Variable 1,100.000000000000000
1331,1332,304,30,Variable 4,50.000000000000000
1332,1333,504,50,Variable 4,50.000000000000000
1333,1334,203,20,Variable 3,25.000000000000000
1334,1335,402,40,Variable 2,25.000000000000000
1335,1336,502,50,Variable 2,100.000000000000000
1336,1337,502,50,Variable 2,50.000000000000000
1337,1338,402,40,Variable 2,75.000000000000000
1338,1339,302,30,Variable 2,150.000000000000000
1339,1340,204,20,Variable 4,25.000000000000000
1340,1341,153,15,Variable 3,100.000000000000000
1341,1342,154,15,Variable 4,50.000000000000000
1342,1343,203,20,Variable 3,25.000000000000000
1343,1344,201,20,Variable 1,25.000000000000000
1344,1345,304,30,Variable 4,75.000000000000000
1345,1346,504,50,Variable 4,75.000000000000000
1346,1347,402,40,Variable 2,50.000000000000000
1347,1348,502,50,Variable 2,25.000000000000000
1348,1349,502,50,Variable 2,75.000000000000000
1349,1350,402,40,Variable 2,75.000000000000000
1350,1351,302,30,Variable 2,50.000000000000000
1351,1352,204,20,Variable 4,50.000000000000000
1352,1353,151,15,Variable 1,25.000000000000000
1353,1354,153,15,Variable 3,175.000000000000000
1354,1355,203,20,Variable 3,50.000000000000000
1355,1356,54,5,Variable 4,50.000000000000000
1356,1357,154,15,Variable 4,25.000000000000000
1357,1358,204,20,Variable 4,25.000000000000000
1358,1359,304,30,Variable 4,50.000000000000000
1359,1360,504,50,Variable 4,50.000000000000000
1360,1361,502,50,Variable 2,25.000000000000000
1361,1362,204,20,Variable 4,25.000000000000000
1362,1363,153,15,Variable 3,25.000000000000000
1363,1364,153,15,Variable 3,125.000000000000000
1364,1365,154,15,Variable 4,25.000000000000000
1365,1366,103,10,Variable 3,25.000000000000000
1366,1367,153,15,Variable 3,50.000000000000000
1367,1368,154,15,Variable 4,25.000000000000000
1368,1369,201,20,Variable 1,100.000000000000000
1369,1370,204,20,Variable 4,25.000000000000000
1370,1371,304,30,Variable 4,50.000000000000000
1371,1372,504,50,Variable 4,50.000000000000000
1372,1373,402,40,Variable 2,125.000000000000000
1373,1374,502,50,Variable 2,50.000000000000000
1374,1375,502,50,Variable 2,100.000000000000000
1375,1376,402,40,Variable 2,200.000000000000000
1376,1377,302,30,Variable 2,150.000000000000000
1377,1378,153,15,Variable 3,50.000000000000000
1378,1379,203,20,Variable 3,25.000000000000000
1379,1380,153,15,Variable 3,25.000000000000000
1380,1381,104,10,Variable 4,25.000000000000000
1381,1382,154,15,Variable 4,25.000000000000000
1382,1383,201,20,Variable 1,75.000000000000000
1383,1384,204,20,Variable 4,25.000000000000000
1384,1385,304,30,Variable 4,50.000000000000000
1385,1386,504,50,Variable 4,50.000000000000000
1386,1387,203,20,Variable 3,25.000000000000000
1387,1388,402,40,Variable 2,25.000000000000000
1388,1389,502,50,Variable 2,50.000000000000000
1389,1390,502,50,Variable 2,75.000000000000000
1390,1391,402,40,Variable 2,75.000000000000000
1391,1392,302,30,Variable 2,75.000000000000000
1392,1393,153,15,Variable 3,25.000000000000000
1393,1394,54,5,Variable 4,25.000000000000000
1394,1395,54,5,Variable 4,25.000000000000000
1395,1396,154,15,Variable 4,25.000000000000000
1396,1397,204,20,Variable 4,25.000000000000000
1397,1398,304,30,Variable 4,50.000000000000000
1398,1399,504,50,Variable 4,25.000000000000000
1399,1400,203,20,Variable 3,50.000000000000000
1400,1401,402,40,Variable 2,25.000000000000000
1401,1402,502,50,Variable 2,50.000000000000000
1402,1403,203,20,Variable 3,250.000000000000000
1403,1404,54,5,Variable 4,25.000000000000000
1404,1405,204,20,Variable 4,25.000000000000000
1405,1406,304,30,Variable 4,25.000000000000000
1406,1407,504,50,Variable 4,50.000000000000000
1407,1408,203,20,Variable 3,50.000000000000000
1408,1409,402,40,Variable 2,50.000000000000000
1409,1410,502,50,Variable 2,25.000000000000000
1410,1411,402,40,Variable 2,150.000000000000000
1411,1412,302,30,Variable 2,150.000000000000000
1412,1413,153,15,Variable 3,325.000000000000000
1413,1414,154,15,Variable 4,75.000000000000000
1414,1415,153,15,Variable 3,2425.000000000000000
1415,1416,203,20,Variable 3,200.000000000000000
1416,1417,402,40,Variable 2,50.000000000000000
1417,1418,153,15,Variable 3,50.000000000000000
1418,1419,304,30,Variable 4,25.000000000000000
1419,1420,504,50,Variable 4,50.000000000000000
1420,1421,203,20,Variable 3,50.000000000000000
1421,1422,402,40,Variable 2,25.000000000000000
1422,1423,502,50,Variable 2,50.000000000000000
1423,1424,302,30,Variable 2,50.000000000000000
1424,1425,204,20,Variable 4,25.000000000000000
1425,1426,153,15,Variable 3,75.000000000000000
1426,1427,51,5,Variable 1,25.000000000000000
1427,1428,54,5,Variable 4,25.000000000000000
1428,1429,304,30,Variable 4,75.000000000000000
1429,1430,504,50,Variable 4,25.000000000000000
1430,1431,402,40,Variable 2,50.000000000000000
1431,1432,502,50,Variable 2,25.000000000000000
1432,1433,153,15,Variable 3,25.000000000000000
1433,1434,154,15,Variable 4,50.000000000000000
1434,1435,302,30,Variable 2,25.000000000000000
1435,1436,402,40,Variable 2,25.000000000000000
1436,1437,153,15,Variable 3,75.000000000000000
1437,1438,51,5,Variable 1,25.000000000000000
1438,1439,201,20,Variable 1,475.000000000000000
1439,1440,204,20,Variable 4,50.000000000000000
1440,1441,304,30,Variable 4,25.000000000000000
1441,1442,504,50,Variable 4,25.000000000000000
1442,1443,203,20,Variable 3,25.000000000000000
1443,1444,402,40,Variable 2,25.000000000000000
1444,1445,502,50,Variable 2,50.000000000000000
1445,1446,502,50,Variable 2,575.000000000000000
1446,1447,302,30,Variable 2,125.000000000000000
1447,1448,153,15,Variable 3,850.000000000000000
1448,1449,203,20,Variable 3,475.000000000000000
1449,1450,302,30,Variable 2,125.000000000000000
1450,1451,302,30,Variable 2,225.000000000000000
1451,1452,203,20,Variable 3,25.000000000000000
1452,1453,54,5,Variable 4,1025.000000000000000
1453,1454,51,5,Variable 1,25.000000000000000
1454,1455,153,15,Variable 3,50.000000000000000
1455,1456,203,20,Variable 3,25.000000000000000
1456,1457,304,30,Variable 4,25.000000000000000
1457,1458,402,40,Variable 2,25.000000000000000
1458,1459,502,50,Variable 2,50.000000000000000
1459,1460,502,50,Variable 2,75.000000000000000
1460,1461,302,30,Variable 2,75.000000000000000
1461,1462,153,15,Variable 3,250.000000000000000
1462,1463,203,20,Variable 3,100.000000000000000
1463,1464,153,15,Variable 3,25.000000000000000
1464,1465,103,10,Variable 3,25.000000000000000
1465,1466,153,15,Variable 3,25.000000000000000
1466,1467,204,20,Variable 4,25.000000000000000
1467,1468,504,50,Variable 4,25.000000000000000
1468,1469,203,20,Variable 3,75.000000000000000
1469,1470,402,40,Variable 2,25.000000000000000
1470,1471,502,50,Variable 2,50.000000000000000
1471,1472,151,15,Variable 1,25.000000000000000
1472,1473,153,15,Variable 3,25.000000000000000
1473,1474,54,5,Variable 4,50.000000000000000
1474,1475,51,5,Variable 1,50.000000000000000
1475,1476,304,30,Variable 4,25.000000000000000
1476,1477,504,50,Variable 4,25.000000000000000
1477,1478,153,15,Variable 3,50.000000000000000
1478,1479,203,20,Variable 3,50.000000000000000
1479,1480,402,40,Variable 2,25.000000000000000
1480,1481,502,50,Variable 2,50.000000000000000
1481,1482,502,50,Variable 2,125.000000000000000
1482,1483,402,40,Variable 2,650.000000000000000
1483,1484,302,30,Variable 2,250.000000000000000
1484,1485,203,20,Variable 3,25.000000000000000
1485,1486,203,20,Variable 3,150.000000000000000
1486,1487,302,30,Variable 2,350.000000000000000
1487,1488,153,15,Variable 3,25.000000000000000
1488,1489,51,5,Variable 1,50.000000000000000
1489,1490,201,20,Variable 1,350.000000000000000
1490,1491,201,20,Variable 1,25.000000000000000
1491,1492,304,30,Variable 4,25.000000000000000
1492,1493,504,50,Variable 4,25.000000000000000
1493,1494,153,15,Variable 3,50.000000000000000
1494,1495,203,20,Variable 3,75.000000000000000
1495,1496,402,40,Variable 2,25.000000000000000
1496,1497,502,50,Variable 2,50.000000000000000
1497,1498,502,50,Variable 2,50.000000000000000
1498,1499,302,30,Variable 2,75.000000000000000
1499,1500,203,20,Variable 3,25.000000000000000
1500,1501,154,15,Variable 4,125.000000000000000
1501,1502,154,15,Variable 4,25.000000000000000
1502,1503,302,30,Variable 2,25.000000000000000
1503,1504,153,15,Variable 3,25.000000000000000
1504,1505,201,20,Variable 1,875.000000000000000
1505,1506,51,5,Variable 1,25.000000000000000
1506,1507,304,30,Variable 4,50.000000000000000
1507,1508,504,50,Variable 4,25.000000000000000
1508,1509,402,40,Variable 2,50.000000000000000
1509,1510,502,50,Variable 2,50.000000000000000
1510,1511,502,50,Variable 2,25.000000000000000
1511,1512,204,20,Variable 4,25.000000000000000
1512,1513,203,20,Variable 3,25.000000000000000
1513,1514,153,15,Variable 3,25.000000000000000
1514,1515,51,5,Variable 1,25.000000000000000
1515,1516,304,30,Variable 4,25.000000000000000
1516,1517,504,50,Variable 4,25.000000000000000
1517,1518,153,15,Variable 3,100.000000000000000
1518,1519,203,20,Variable 3,125.000000000000000
1519,1520,402,40,Variable 2,50.000000000000000
1520,1521,502,50,Variable 2,25.000000000000000
1521,1522,502,50,Variable 2,50.000000000000000
1522,1523,402,40,Variable 2,250.000000000000000
1523,1524,302,30,Variable 2,200.000000000000000
1524,1525,203,20,Variable 3,350.000000000000000
1525,1526,302,30,Variable 2,475.000000000000000
1526,1527,153,15,Variable 3,25.000000000000000
1527,1528,204,20,Variable 4,150.000000000000000
1528,1529,201,20,Variable 1,75.000000000000000
1529,1530,304,30,Variable 4,25.000000000000000
1530,1531,504,50,Variable 4,25.000000000000000
1531,1532,153,15,Variable 3,50.000000000000000
1532,1533,203,20,Variable 3,50.000000000000000
1533,1534,402,40,Variable 2,75.000000000000000
1534,1535,502,50,Variable 2,75.000000000000000
1535,1536,502,50,Variable 2,25.000000000000000
1536,1537,402,40,Variable 2,100.000000000000000
1537,1538,302,30,Variable 2,50.000000000000000
1538,1539,204,20,Variable 4,25.000000000000000
1539,1540,153,15,Variable 3,1750.000000000000000
1540,1541,203,20,Variable 3,25.000000000000000
1541,1542,204,20,Variable 4,75.000000000000000
1542,1543,203,20,Variable 3,50.000000000000000
1543,1544,302,30,Variable 2,50.000000000000000
1544,1545,203,20,Variable 3,25.000000000000000
1545,1546,51,5,Variable 1,25.000000000000000
1546,1547,504,50,Variable 4,25.000000000000000
1547,1548,302,30,Variable 2,75.000000000000000
1548,1549,203,20,Variable 3,25.000000000000000
1549,1550,153,15,Variable 3,25.000000000000000
1550,1551,203,20,Variable 3,25.000000000000000
1551,1552,54,5,Variable 4,175.000000000000000
1552,1553,51,5,Variable 1,25.000000000000000
1553,1554,304,30,Variable 4,125.000000000000000
1554,1555,504,50,Variable 4,25.000000000000000
1555,1556,153,15,Variable 3,125.000000000000000
1556,1557,203,20,Variable 3,150.000000000000000
1557,1558,402,40,Variable 2,150.000000000000000
1558,1559,502,50,Variable 2,150.000000000000000
1559,1560,502,50,Variable 2,25.000000000000000
1560,1561,402,40,Variable 2,75.000000000000000
1561,1562,302,30,Variable 2,25.000000000000000
1562,1563,304,30,Variable 4,25.000000000000000
1563,1564,203,20,Variable 3,50.000000000000000
1564,1565,153,15,Variable 3,50.000000000000000
1565,1566,203,20,Variable 3,25.000000000000000
1566,1567,153,15,Variable 3,25.000000000000000
1567,1568,201,20,Variable 1,200.000000000000000
1568,1569,54,5,Variable 4,25.000000000000000
1569,1570,151,15,Variable 1,23275.000000000000000
1570,1571,204,20,Variable 4,325.000000000000000
1571,1572,201,20,Variable 1,25.000000000000000
1572,1573,304,30,Variable 4,50.000000000000000
1573,1574,504,50,Variable 4,25.000000000000000
1574,1575,201,20,Variable 1,25.000000000000000
1575,1576,203,20,Variable 3,50.000000000000000
1576,1577,402,40,Variable 2,75.000000000000000
1577,1578,502,50,Variable 2,75.000000000000000
1578,1579,502,50,Variable 2,25.000000000000000
1579,1580,402,40,Variable 2,75.000000000000000
1580,1581,203,20,Variable 3,25.000000000000000
1581,1582,204,20,Variable 4,50.000000000000000
1582,1583,153,15,Variable 3,50.000000000000000
1583,1584,153,15,Variable 3,1425.000000000000000
1584,1585,153,15,Variable 3,25.000000000000000
1585,1586,204,20,Variable 4,25.000000000000000
1586,1587,302,30,Variable 2,25.000000000000000
1587,1588,203,20,Variable 3,25.000000000000000
1588,1589,54,5,Variable 4,25.000000000000000
1589,1590,204,20,Variable 4,25.000000000000000
1590,1591,201,20,Variable 1,25.000000000000000
1591,1592,504,50,Variable 4,25.000000000000000
1592,1593,201,20,Variable 1,25.000000000000000
1593,1594,402,40,Variable 2,50.000000000000000
1594,1595,302,30,Variable 2,25.000000000000000
1595,1596,203,20,Variable 3,25.000000000000000
1596,1597,204,20,Variable 4,25.000000000000000
1597,1598,153,15,Variable 3,25.000000000000000
1598,1599,204,20,Variable 4,25.000000000000000
1599,1600,202,20,Variable 2,100.000000000000000
1600,1601,54,5,Variable 4,25.000000000000000
1601,1602,201,20,Variable 1,25.000000000000000
1602,1603,304,30,Variable 4,100.000000000000000
1603,1604,504,50,Variable 4,25.000000000000000
1604,1605,201,20,Variable 1,50.000000000000000
1605,1606,203,20,Variable 3,250.000000000000000
1606,1607,402,40,Variable 2,25.000000000000000
1607,1608,502,50,Variable 2,225.000000000000000
1608,1609,502,50,Variable 2,50.000000000000000
1609,1610,402,40,Variable 2,175.000000000000000
1610,1611,302,30,Variable 2,25.000000000000000
1611,1612,203,20,Variable 3,25.000000000000000
1612,1613,153,15,Variable 3,50.000000000000000
1613,1614,153,15,Variable 3,100.000000000000000
1614,1615,203,20,Variable 3,50.000000000000000
1615,1616,54,5,Variable 4,50.000000000000000
1616,1617,51,5,Variable 1,25.000000000000000
1617,1618,154,15,Variable 4,175.000000000000000
1618,1619,504,50,Variable 4,50.000000000000000
1619,1620,201,20,Variable 1,25.000000000000000
1620,1621,153,15,Variable 3,450.000000000000000
1621,1622,203,20,Variable 3,75.000000000000000
1622,1623,402,40,Variable 2,75.000000000000000
1623,1624,502,50,Variable 2,50.000000000000000
1624,1625,302,30,Variable 2,25.000000000000000
1625,1626,203,20,Variable 3,25.000000000000000
1626,1627,153,15,Variable 3,75.000000000000000
1627,1628,153,15,Variable 3,25.000000000000000
1628,1629,204,20,Variable 4,25.000000000000000
1629,1630,402,40,Variable 2,25.000000000000000
1630,1631,153,15,Variable 3,25.000000000000000
1631,1632,51,5,Variable 1,75.000000000000000
1632,1633,51,5,Variable 1,25.000000000000000
1633,1634,502,50,Variable 2,25.000000000000000
1634,1635,203,20,Variable 3,50.000000000000000
1635,1636,502,50,Variable 2,25.000000000000000
1636,1637,54,5,Variable 4,75.000000000000000
1637,1638,51,5,Variable 1,50.000000000000000
1638,1639,54,5,Variable 4,25.000000000000000
1639,1640,504,50,Variable 4,175.000000000000000
1640,1641,201,20,Variable 1,200.000000000000000
1641,1642,203,20,Variable 3,175.000000000000000
1642,1643,402,40,Variable 2,150.000000000000000
1643,1644,502,50,Variable 2,200.000000000000000
1644,1645,502,50,Variable 2,50.000000000000000
1645,1646,302,30,Variable 2,100.000000000000000
1646,1647,204,20,Variable 4,100.000000000000000
1647,1648,302,30,Variable 2,2325.000000000000000
1648,1649,302,30,Variable 2,50.000000000000000
1649,1650,502,50,Variable 2,50.000000000000000
1650,1651,301,30,Variable 1,50.000000000000000
1651,1652,54,5,Variable 4,25.000000000000000
1652,1653,51,5,Variable 1,50.000000000000000
1653,1654,151,15,Variable 1,1000.000000000000000
1654,1655,204,20,Variable 4,25.000000000000000
1655,1656,153,15,Variable 3,300.000000000000000
1656,1657,203,20,Variable 3,100.000000000000000
1657,1658,402,40,Variable 2,75.000000000000000
1658,1659,502,50,Variable 2,75.000000000000000
1659,1660,502,50,Variable 2,75.000000000000000
1660,1661,402,40,Variable 2,450.000000000000000
1661,1662,302,30,Variable 2,25.000000000000000
1662,1663,204,20,Variable 4,50.000000000000000
1663,1664,153,15,Variable 3,250.000000000000000
1664,1665,204,20,Variable 4,50.000000000000000
1665,1666,304,30,Variable 4,25.000000000000000
1666,1667,302,30,Variable 2,50.000000000000000
1667,1668,151,15,Variable 1,2375.000000000000000
1668,1669,54,5,Variable 4,25.000000000000000
1669,1670,51,5,Variable 1,25.000000000000000
1670,1671,204,20,Variable 4,25.000000000000000
1671,1672,404,40,Variable 4,25.000000000000000
1672,1673,203,20,Variable 3,75.000000000000000
1673,1674,203,20,Variable 3,25.000000000000000
1674,1675,502,50,Variable 2,75.000000000000000
1675,1676,402,40,Variable 2,50.000000000000000
1676,1677,302,30,Variable 2,50.000000000000000
1677,1678,153,15,Variable 3,25.000000000000000
1678,1679,204,20,Variable 4,25.000000000000000
1679,1680,51,5,Variable 1,25.000000000000000
1680,1681,101,10,Variable 1,143250.000000000000000
1681,1682,151,15,Variable 1,75.000000000000000
1682,1683,151,15,Variable 1,25.000000000000000
1683,1684,404,40,Variable 4,25.000000000000000
1684,1685,502,50,Variable 2,150.000000000000000
1685,1686,402,40,Variable 2,75.000000000000000
1686,1687,304,30,Variable 4,125.000000000000000
1687,1688,204,20,Variable 4,175.000000000000000
1688,1689,153,15,Variable 3,25.000000000000000
1689,1690,204,20,Variable 4,25.000000000000000
1690,1691,502,50,Variable 2,100.000000000000000
1691,1692,302,30,Variable 2,25.000000000000000
1692,1693,203,20,Variable 3,25.000000000000000
1693,1694,54,5,Variable 4,25.000000000000000
1694,1695,51,5,Variable 1,25.000000000000000
1695,1696,151,15,Variable 1,50.000000000000000
1696,1697,404,40,Variable 4,150.000000000000000
1697,1698,504,50,Variable 4,825.000000000000000
1698,1699,502,50,Variable 2,225.000000000000000
1699,1700,302,30,Variable 2,25.000000000000000
1700,1701,203,20,Variable 3,50.000000000000000
1701,1702,204,20,Variable 4,75.000000000000000
1702,1703,153,15,Variable 3,25.000000000000000
1703,1704,153,15,Variable 3,300.000000000000000
1704,1705,502,50,Variable 2,150.000000000000000
1705,1706,302,30,Variable 2,25.000000000000000
1706,1707,54,5,Variable 4,25.000000000000000
1707,1708,151,15,Variable 1,50.000000000000000
1708,1709,404,40,Variable 4,100.000000000000000
1709,1710,203,20,Variable 3,50.000000000000000
1710,1711,153,15,Variable 3,25.000000000000000
1711,1712,153,15,Variable 3,25.000000000000000
1712,1713,151,15,Variable 1,50.000000000000000
1713,1714,502,50,Variable 2,1325.000000000000000
1714,1715,203,20,Variable 3,75.000000000000000
1715,1716,204,20,Variable 4,150.000000000000000
1716,1717,153,15,Variable 3,125.000000000000000
1717,1718,302,30,Variable 2,550.000000000000000
1718,1719,153,15,Variable 3,25.000000000000000
1719,1720,54,5,Variable 4,25.000000000000000
1720,1721,151,15,Variable 1,25.000000000000000
1721,1722,201,20,Variable 1,25.000000000000000
1722,1723,304,30,Variable 4,1975.000000000000000
1723,1724,304,30,Variable 4,25.000000000000000
1724,1725,402,40,Variable 2,775.000000000000000
1725,1726,304,30,Variable 4,50.000000000000000
1726,1727,302,30,Variable 2,50.000000000000000
1727,1728,402,40,Variable 2,1200.000000000000000
1728,1729,203,20,Variable 3,75.000000000000000
1729,1730,204,20,Variable 4,25.000000000000000
1730,1731,153,15,Variable 3,75.000000000000000
1731,1732,204,20,Variable 4,50.000000000000000
1732,1733,302,30,Variable 2,50.000000000000000
1733,1734,402,40,Variable 2,25.000000000000000
1734,1735,203,20,Variable 3,75.000000000000000
1735,1736,302,30,Variable 2,25.000000000000000
1736,1737,203,20,Variable 3,100.000000000000000
1737,1738,204,20,Variable 4,25.000000000000000
1738,1739,154,15,Variable 4,2475.000000000000000
1739,1740,204,20,Variable 4,525.000000000000000
1740,1741,203,20,Variable 3,275.000000000000000
1741,1742,204,20,Variable 4,200.000000000000000
1742,1743,203,20,Variable 3,25.000000000000000
1743,1744,204,20,Variable 4,50.000000000000000
1744,1745,153,15,Variable 3,350.000000000000000
1745,1746,153,15,Variable 3,75.000000000000000
1746,1747,204,20,Variable 4,150.000000000000000
1747,1748,302,30,Variable 2,125.000000000000000
1748,1749,151,15,Variable 1,500.000000000000000
1749,1750,153,15,Variable 3,300.000000000000000
1750,1751,153,15,Variable 3,75.000000000000000
1751,1752,302,30,Variable 2,50.000000000000000
1752,1753,54,5,Variable 4,75.000000000000000
1753,1754,154,15,Variable 4,25.000000000000000
1754,1755,154,15,Variable 4,25.000000000000000
1755,1756,203,20,Variable 3,25.000000000000000
1756,1757,302,30,Variable 2,25.000000000000000
1757,1758,402,40,Variable 2,25.000000000000000
1758,1759,203,20,Variable 3,25.000000000000000
1759,1760,104,10,Variable 4,25.000000000000000
1760,1761,153,15,Variable 3,125.000000000000000
1761,1762,204,20,Variable 4,100.000000000000000
1762,1763,203,20,Variable 3,25.000000000000000
1763,1764,302,30,Variable 2,25.000000000000000
1764,1765,402,40,Variable 2,325.000000000000000
1765,1766,153,15,Variable 3,50.000000000000000
1766,1767,151,15,Variable 1,100.000000000000000
1767,1768,101,10,Variable 1,25.000000000000000
1768,1769,201,20,Variable 1,1000.000000000000000
1769,1770,151,15,Variable 1,150.000000000000000
1770,1771,54,5,Variable 4,75.000000000000000
1771,1772,153,15,Variable 3,75.000000000000000
1772,1773,203,20,Variable 3,25.000000000000000
1773,1774,302,30,Variable 2,25.000000000000000
1774,1775,151,15,Variable 1,75.000000000000000
1775,1776,54,5,Variable 4,25.000000000000000
1776,1777,201,20,Variable 1,50.000000000000000
1777,1778,153,15,Variable 3,50.000000000000000
1778,1779,203,20,Variable 3,25.000000000000000
1779,1780,302,30,Variable 2,50.000000000000000
1780,1781,301,30,Variable 1,25.000000000000000
1781,1782,301,30,Variable 1,1575.000000000000000
1782,1783,204,20,Variable 4,1650.000000000000000
1783,1784,204,20,Variable 4,100.000000000000000
1784,1785,402,40,Variable 2,350.000000000000000
1785,1786,301,30,Variable 1,25.000000000000000
1786,1787,154,15,Variable 4,25.000000000000000
1787,1788,153,15,Variable 3,50.000000000000000
1788,1789,201,20,Variable 1,77575.000000000000000
1789,1790,201,20,Variable 1,275.000000000000000
1790,1791,153,15,Variable 3,25.000000000000000
1791,1792,154,15,Variable 4,25.000000000000000
1792,1793,204,20,Variable 4,50.000000000000000
1793,1794,302,30,Variable 2,25.000000000000000
1794,1795,402,40,Variable 2,125.000000000000000
1795,1796,153,15,Variable 3,75.000000000000000
1796,1797,201,20,Variable 1,225.000000000000000
1797,1798,203,20,Variable 3,50.000000000000000
1798,1799,301,30,Variable 1,75.000000000000000
1799,1800,201,20,Variable 1,275.000000000000000
1800,1801,153,15,Variable 3,150.000000000000000
1801,1802,204,20,Variable 4,25.000000000000000
1802,1803,302,30,Variable 2,125.000000000000000
1803,1804,402,40,Variable 2,125.000000000000000
1804,1805,51,5,Variable 1,25.000000000000000
1805,1806,201,20,Variable 1,75.000000000000000
1806,1807,153,15,Variable 3,50.000000000000000
1807,1808,204,20,Variable 4,50.000000000000000
1808,1809,402,40,Variable 2,50.000000000000000
1809,1810,301,30,Variable 1,25.000000000000000
1810,1811,153,15,Variable 3,275.000000000000000
1811,1812,51,5,Variable 1,25.000000000000000
1812,1813,201,20,Variable 1,25.000000000000000
1813,1814,203,20,Variable 3,25.000000000000000
1814,1815,502,50,Variable 2,75.000000000000000
1815,1816,402,40,Variable 2,25.000000000000000
1816,1817,51,5,Variable 1,25.000000000000000
1817,1818,153,15,Variable 3,50.000000000000000
1818,1819,203,20,Variable 3,50.000000000000000
1819,1820,302,30,Variable 2,25.000000000000000
1820,1821,402,40,Variable 2,25.000000000000000
1821,1822,302,30,Variable 2,300.000000000000000
1822,1823,402,40,Variable 2,100.000000000000000
1823,1824,502,50,Variable 2,25.000000000000000
1824,1825,402,40,Variable 2,50.000000000000000
1825,1826,153,15,Variable 3,125.000000000000000
1826,1827,101,10,Variable 1,25.000000000000000
1827,1828,201,20,Variable 1,50.000000000000000
1828,1829,201,20,Variable 1,25.000000000000000
1829,1830,201,20,Variable 1,175.000000000000000
1830,1831,204,20,Variable 4,25.000000000000000
1831,1832,203,20,Variable 3,50.000000000000000
1832,1833,302,30,Variable 2,50.000000000000000
1833,1834,502,50,Variable 2,25.000000000000000
1834,1835,201,20,Variable 1,450.000000000000000
1835,1836,51,5,Variable 1,25.000000000000000
1836,1837,104,10,Variable 4,25.000000000000000
1837,1838,51,5,Variable 1,25.000000000000000
1838,1839,204,20,Variable 4,25.000000000000000
1839,1840,301,30,Variable 1,25.000000000000000
1840,1841,203,20,Variable 3,3575.000000000000000
1841,1842,153,15,Variable 3,450.000000000000000
1842,1843,104,10,Variable 4,25.000000000000000
1843,1844,51,5,Variable 1,25.000000000000000
1844,1845,154,15,Variable 4,25.000000000000000
1845,1846,201,20,Variable 1,200.000000000000000
1846,1847,204,20,Variable 4,25.000000000000000
1847,1848,302,30,Variable 2,25.000000000000000
1848,1849,203,20,Variable 3,75.000000000000000
1849,1850,301,30,Variable 1,25.000000000000000
1850,1851,301,30,Variable 1,50.000000000000000
1851,1852,201,20,Variable 1,75.000000000000000
1852,1853,51,5,Variable 1,25.000000000000000
1853,1854,154,15,Variable 4,3300.000000000000000
1854,1855,204,20,Variable 4,50.000000000000000
1855,1856,154,15,Variable 4,75.000000000000000
1856,1857,154,15,Variable 4,25.000000000000000
1857,1858,201,20,Variable 1,100.000000000000000
1858,1859,153,15,Variable 3,25.000000000000000
1859,1860,302,30,Variable 2,75.000000000000000
1860,1861,301,30,Variable 1,25.000000000000000
1861,1862,201,20,Variable 1,75.000000000000000
1862,1863,51,5,Variable 1,25.000000000000000
1863,1864,101,10,Variable 1,25.000000000000000
1864,1865,204,20,Variable 4,25.000000000000000
1865,1866,153,15,Variable 3,25.000000000000000
1866,1867,302,30,Variable 2,50.000000000000000
1867,1868,301,30,Variable 1,25.000000000000000
1868,1869,204,20,Variable 4,450.000000000000000
1869,1870,104,10,Variable 4,50.000000000000000
1870,1871,101,10,Variable 1,200.000000000000000
1871,1872,151,15,Variable 1,46800.000000000000000
1872,1873,201,20,Variable 1,25.000000000000000
1873,1874,402,40,Variable 2,25.000000000000000
1874,1875,203,20,Variable 3,50.000000000000000
1875,1876,154,15,Variable 4,25.000000000000000
1876,1877,51,5,Variable 1,75.000000000000000
1877,1878,204,20,Variable 4,50.000000000000000
1878,1879,154,15,Variable 4,50.000000000000000
1879,1880,304,30,Variable 4,50.000000000000000
1880,1881,304,30,Variable 4,175.000000000000000
1881,1882,502,50,Variable 2,19275.000000000000000
1882,1883,204,20,Variable 4,25.000000000000000
1883,1884,51,5,Variable 1,25.000000000000000
1884,1885,304,30,Variable 4,25.000000000000000
1885,1886,154,15,Variable 4,250.000000000000000
1886,1887,402,40,Variable 2,25.000000000000000
1887,1888,302,30,Variable 2,25075.000000000000000
1888,1889,203,20,Variable 3,50.000000000000000
1889,1890,154,15,Variable 4,25.000000000000000
1890,1891,202,20,Variable 2,25.000000000000000
1891,1892,51,5,Variable 1,50.000000000000000
1892,1893,504,50,Variable 4,225.000000000000000
1893,1894,302,30,Variable 2,25.000000000000000
1894,1895,302,30,Variable 2,25.000000000000000
1895,1896,302,30,Variable 2,25.000000000000000
1896,1897,203,20,Variable 3,100.000000000000000
1897,1898,204,20,Variable 4,125.000000000000000
1898,1899,301,30,Variable 1,75.000000000000000
1899,1900,201,20,Variable 1,450.000000000000000
1900,1901,151,15,Variable 1,1650.000000000000000
1901,1902,404,40,Variable 4,75.000000000000000
1902,1903,302,30,Variable 2,150.000000000000000
1903,1904,302,30,Variable 2,25.000000000000000
1904,1905,402,40,Variable 2,75.000000000000000
1905,1906,302,30,Variable 2,50.000000000000000
1906,1907,203,20,Variable 3,25.000000000000000
1907,1908,203,20,Variable 3,50.000000000000000
1908,1909,302,30,Variable 2,25.000000000000000
1909,1910,203,20,Variable 3,50.000000000000000
1910,1911,153,15,Variable 3,925.000000000000000
1911,1912,151,15,Variable 1,100.000000000000000
1912,1913,101,10,Variable 1,12125.000000000000000
1913,1914,404,40,Variable 4,25.000000000000000
1914,1915,402,40,Variable 2,25.000000000000000
1915,1916,302,30,Variable 2,25.000000000000000
1916,1917,153,15,Variable 3,100.000000000000000
1917,1918,151,15,Variable 1,25.000000000000000
1918,1919,404,40,Variable 4,525.000000000000000
1919,1920,302,30,Variable 2,225.000000000000000
1920,1921,203,20,Variable 3,25.000000000000000
1921,1922,302,30,Variable 2,2125.000000000000000
1922,1923,203,20,Variable 3,25.000000000000000
1923,1924,203,20,Variable 3,75.000000000000000
1924,1925,153,15,Variable 3,25.000000000000000
1925,1926,203,20,Variable 3,75.000000000000000
1926,1927,153,15,Variable 3,100.000000000000000
1927,1928,201,20,Variable 1,450.000000000000000
1928,1929,302,30,Variable 2,175.000000000000000
1929,1930,402,40,Variable 2,40750.000000000000000
1930,1931,302,30,Variable 2,25.000000000000000
1931,1932,203,20,Variable 3,100.000000000000000
1932,1933,203,20,Variable 3,275.000000000000000
1933,1934,204,20,Variable 4,25.000000000000000
1934,1935,154,15,Variable 4,50.000000000000000
1935,1936,204,20,Variable 4,200.000000000000000
1936,1937,204,20,Variable 4,1125.000000000000000
1937,1938,151,15,Variable 1,150.000000000000000
1938,1939,304,30,Variable 4,75.000000000000000
1939,1940,203,20,Variable 3,50.000000000000000
1940,1941,302,30,Variable 2,125.000000000000000
1941,1942,302,30,Variable 2,25.000000000000000
1942,1943,103,10,Variable 3,25.000000000000000
1943,1944,201,20,Variable 1,50.000000000000000
1944,1945,201,20,Variable 1,325.000000000000000
1945,1946,101,10,Variable 1,50.000000000000000
1946,1947,204,20,Variable 4,75.000000000000000
1947,1948,201,20,Variable 1,100.000000000000000
1948,1949,204,20,Variable 4,275.000000000000000
1949,1950,201,20,Variable 1,175.000000000000000
1950,1951,201,20,Variable 1,125.000000000000000
1951,1952,304,30,Variable 4,2950.000000000000000
1952,1953,203,20,Variable 3,100.000000000000000
1953,1954,203,20,Variable 3,200.000000000000000
1954,1955,203,20,Variable 3,50.000000000000000
1955,1956,153,15,Variable 3,100.000000000000000
1956,1957,154,15,Variable 4,50.000000000000000
1957,1958,153,15,Variable 3,150.000000000000000
1958,1959,201,20,Variable 1,50.000000000000000
1959,1960,153,15,Variable 3,350.000000000000000
1960,1961,151,15,Variable 1,25.000000000000000
1961,1962,104,10,Variable 4,25.000000000000000
1962,1963,154,15,Variable 4,100.000000000000000
1963,1964,204,20,Variable 4,175.000000000000000
1964,1965,151,15,Variable 1,75.000000000000000
1965,1966,201,20,Variable 1,125.000000000000000
1966,1967,151,15,Variable 1,50.000000000000000
1967,1968,204,20,Variable 4,550.000000000000000
1968,1969,201,20,Variable 1,100.000000000000000
1969,1970,153,15,Variable 3,25.000000000000000
1970,1971,103,10,Variable 3,125.000000000000000
1971,1972,154,15,Variable 4,25.000000000000000
1972,1973,103,10,Variable 3,25.000000000000000
1973,1974,151,15,Variable 1,825.000000000000000
1974,1975,154,15,Variable 4,25.000000000000000
1975,1976,101,10,Variable 1,75.000000000000000
1976,1977,101,10,Variable 1,25.000000000000000
1977,1978,151,15,Variable 1,50.000000000000000
1978,1979,201,20,Variable 1,25.000000000000000
1979,1980,153,15,Variable 3,100.000000000000000
1980,1981,103,10,Variable 3,25.000000000000000
1981,1982,154,15,Variable 4,450.000000000000000
1982,1983,151,15,Variable 1,250.000000000000000
1983,1984,104,10,Variable 4,400.000000000000000
1984,1985,154,15,Variable 4,1375.000000000000000
1985,1986,151,15,Variable 1,50.000000000000000
1986,1987,201,20,Variable 1,25.000000000000000
1987,1988,201,20,Variable 1,1250.000000000000000
1988,1989,101,10,Variable 1,50.000000000000000
1989,1990,101,10,Variable 1,1950.000000000000000
1990,1991,101,10,Variable 1,25.000000000000000
1991,1992,104,10,Variable 4,250.000000000000000
1992,1993,201,20,Variable 1,1025.000000000000000
1993,1994,151,15,Variable 1,1300.000000000000000
1994,1995,101,10,Variable 1,50.000000000000000
1995,1996,104,10,Variable 4,325.000000000000000
1996,1997,104,10,Variable 4,50.000000000000000
1997,1998,151,15,Variable 1,125.000000000000000
1998,1999,51,5,Variable 1,2450.000000000000000
1999,2000,51,5,Variable 1,50.000000000000000
2000,2001,51,5,Variable 1,25.000000000000000
2001,2002,151,15,Variable 1,700.000000000000000
2002,2003,151,15,Variable 1,100.000000000000000
2003,2004,104,10,Variable 4,725.000000000000000
2004,2005,51,5,Variable 1,275.000000000000000
2005,2006,51,5,Variable 1,525.000000000000000
2006,2007,51,5,Variable 1,50.000000000000000
2007,2008,51,5,Variable 1,25.000000000000000
2008,2009,101,10,Variable 1,25.000000000000000
2009,2010,101,10,Variable 1,50.000000000000000
2010,2011,101,10,Variable 1,900.000000000000000
2011,2012,104,10,Variable 4,75.000000000000000
2012,2013,101,10,Variable 1,2650.000000000000000
2013,2014,101,10,Variable 1,125.000000000000000
2014,2015,101,10,Variable 1,100.000000000000000
2015,2016,104,10,Variable 4,175.000000000000000
2016,2017,101,10,Variable 1,25.000000000000000
2017,2018,104,10,Variable 4,25.000000000000000
2018,2019,51,5,Variable 1,25.000000000000000
2019,2020,54,5,Variable 4,25.000000000000000
2020,2021,101,10,Variable 1,1275.000000000000000
2021,2022,51,5,Variable 1,1300.000000000000000
2022,2023,54,5,Variable 4,50.000000000000000
2023,2024,54,5,Variable 4,75.000000000000000
2024,2025,104,10,Variable 4,3450.000000000000000
2025,2026,54,5,Variable 4,25.000000000000000
2026,2027,54,5,Variable 4,25.000000000000000
2027,2028,51,5,Variable 1,6150.000000000000000